t	P	cov	vg_GRMvarX_ganc.mean	vg_GRMvarX_ganc.CI95l	vg_GRMvarX_ganc.CI95r	vg_GRMvarX_noa.mean	vg_GRMvarX_noa.CI95l	vg_GRMvarX_noa.CI95r	vg_GRMvarX_gcta.mean	vg_GRMvarX_gcta.CI95l	vg_GRMvarX_gcta.CI95r	vg_GRMld_ganc.mean	vg_GRMld_ganc.CI95l	vg_GRMld_ganc.CI95r	vg_GRMld_noa.mean	vg_GRMld_noa.CI95l	vg_GRMld_noa.CI95r
 0	0.0	neg	0.83170495	0.81681675	0.84595457	0.37465330	0.36674086	0.38101281	0.37449144	0.36699456	0.38087140	0.9254312	0.9138143	0.9350500	0.9250208	0.9151980	0.9367059
 0	0.0	pos	0.83100938	0.80908468	0.84957754	2.79385950	2.75747774	2.82945146	2.77625511	2.74900521	2.80664850	0.9239419	0.9097354	0.9368030	1.0817595	1.0698794	1.0938122
 0	0.3	neg	0.82915085	0.81545818	0.84333566	0.37507045	0.36749325	0.38204570	0.37446588	0.36788717	0.38098700	0.9239589	0.9151853	0.9335167	0.9246123	0.9127507	0.9347990
 0	0.3	pos	0.82966994	0.80744410	0.85054943	2.79400803	2.76092316	2.82588631	2.77683358	2.74828061	2.80259883	0.9248272	0.9114972	0.9367842	1.0801116	1.0686876	1.0923337
 0	0.6	neg	0.83011504	0.81820467	0.84144206	0.37404986	0.36735293	0.38012468	0.37477891	0.36865429	0.38180166	0.9247480	0.9158869	0.9363566	0.9253355	0.9145872	0.9364790
 0	0.6	pos	0.83001173	0.80625022	0.85618859	2.79455849	2.75841255	2.82427252	2.78049109	2.75269453	2.80455916	0.9241236	0.9110165	0.9340588	1.0818056	1.0671483	1.0938052
 0	0.9	neg	0.83196681	0.81763740	0.84646031	0.37497436	0.36781840	0.38062749	0.37464815	0.36813844	0.38077521	0.9253344	0.9137961	0.9354963	0.9247502	0.9147350	0.9344742
 0	0.9	pos	0.82738969	0.80580605	0.85272246	2.79373727	2.76245965	2.81732168	2.77640628	2.74834093	2.80340608	0.9233933	0.9121093	0.9357766	1.0821450	1.0695730	1.0940041
 1	0.0	neg	0.67258142	0.66518644	0.67979023	0.28418215	0.28093621	0.28658016	0.28369052	0.28051282	0.28707714	0.9354771	0.9284836	0.9421997	0.9357934	0.9286770	0.9426672
 1	0.0	pos	0.67068744	0.66045658	0.68190519	3.45292202	3.38920107	3.52161065	3.44185156	3.35718383	3.51407040	0.9324622	0.9235187	0.9431326	1.1551235	1.1470491	1.1644190
 1	0.3	neg	0.64795855	0.63609128	0.65708850	0.24648774	0.24308323	0.24953396	0.24625928	0.24256355	0.24964807	0.9318729	0.9221898	0.9396537	0.9323924	0.9226918	0.9416023
 1	0.3	pos	0.65186081	0.63912340	0.66600617	3.65020361	3.57325365	3.72919163	3.62954241	3.54058403	3.71010961	0.9232158	0.9111533	0.9343719	1.1684916	1.1568462	1.1787973
 1	0.6	neg	0.63595845	0.62625946	0.64669386	0.21979680	0.21627287	0.22322758	0.21942937	0.21565316	0.22357055	0.9290031	0.9188795	0.9406276	0.9285839	0.9190801	0.9418460
 1	0.6	pos	0.63234322	0.62203379	0.64255923	3.87622591	3.80483765	3.95916032	3.85790898	3.77937529	3.94437148	0.9277555	0.9169119	0.9380138	1.2019284	1.1890785	1.2163626
 1	0.9	neg	0.61860964	0.60822659	0.62815358	0.19727245	0.19257278	0.20437148	0.19660345	0.19279641	0.20268343	0.9253491	0.9174631	0.9335442	0.9243628	0.9145129	0.9362489
 1	0.9	pos	0.61426616	0.60039854	0.62606618	3.97026261	3.90862615	4.02191276	3.96205700	3.89874512	4.02549113	0.9244530	0.9108991	0.9373358	1.2198857	1.2099049	1.2302822
 2	0.0	neg	0.56435685	0.55724763	0.57119282	0.27925668	0.27518127	0.28368464	0.27872677	0.27450031	0.28344082	0.9407049	0.9337908	0.9469092	0.9403520	0.9327558	0.9477628
 2	0.0	pos	0.55272195	0.54244815	0.56525057	3.82201617	3.74114438	3.91567753	3.80790686	3.73387333	3.91542615	0.9277169	0.9132225	0.9408297	1.1785757	1.1642624	1.1903851
 2	0.3	neg	0.51926666	0.51097741	0.52628993	0.22036726	0.21583126	0.22451674	0.22087226	0.21700048	0.22453662	0.9451515	0.9355708	0.9536970	0.9441707	0.9343367	0.9532301
 2	0.3	pos	0.51439387	0.50438360	0.52567996	4.02592127	3.92715975	4.16288326	4.01484406	3.92612425	4.12422673	0.9282013	0.9173799	0.9377228	1.2167427	1.2075487	1.2269971
 2	0.6	neg	0.47389681	0.46635414	0.48287084	0.17098560	0.16831572	0.17466979	0.17086639	0.16840178	0.17394325	0.9300728	0.9207011	0.9414403	0.9307337	0.9215012	0.9423002
 2	0.6	pos	0.46892226	0.45827113	0.47900170	4.36179493	4.30811508	4.43136596	4.35708461	4.29516711	4.41228645	0.9287351	0.9177944	0.9417343	1.2761273	1.2631657	1.2924624
 2	0.9	neg	0.44273647	0.43682126	0.44938457	0.13636613	0.13483501	0.13822734	0.13626021	0.13465472	0.13840352	0.9348678	0.9267918	0.9449567	0.9346905	0.9257891	0.9454263
 2	0.9	pos	0.42702318	0.41817330	0.43924851	4.63793102	4.55250673	4.71656571	4.63326409	4.54257641	4.72852428	0.9202797	0.9078499	0.9314893	1.3259964	1.3084346	1.3407661
 3	0.0	neg	0.51636761	0.50754050	0.52415109	0.30617654	0.30046392	0.31438578	0.30609278	0.29957630	0.31232340	0.9520112	0.9430862	0.9630032	0.9522869	0.9431908	0.9619296
 3	0.0	pos	0.50503161	0.48890749	0.51835740	4.07240167	3.98979890	4.15531888	4.05884182	3.97484483	4.14849262	0.9394160	0.9252349	0.9491667	1.1986072	1.1842085	1.2132665
 3	0.3	neg	0.43626388	0.43135768	0.44147110	0.21624556	0.21393863	0.21828710	0.21617650	0.21353428	0.21824525	0.9410602	0.9314505	0.9497079	0.9418053	0.9333981	0.9494437
 3	0.3	pos	0.43956690	0.43205842	0.44717478	4.42825431	4.30128825	4.53474626	4.40867351	4.27264780	4.51450701	0.9376729	0.9262762	0.9487216	1.2550991	1.2376151	1.2722636
 3	0.6	neg	0.37656820	0.37127749	0.38270100	0.15461245	0.15185244	0.15706436	0.15458576	0.15214171	0.15683950	0.9430018	0.9325557	0.9535041	0.9422141	0.9307017	0.9504685
 3	0.6	pos	0.36922945	0.36303904	0.37456313	4.70229312	4.59696433	4.80599070	4.69314177	4.58258380	4.82340854	0.9294237	0.9224397	0.9359944	1.3206343	1.3106142	1.3311931
 3	0.9	neg	0.32032447	0.31581235	0.32593619	0.10510377	0.10399878	0.10635533	0.10503422	0.10384056	0.10634106	0.9235297	0.9148437	0.9305299	0.9233478	0.9138132	0.9317466
 3	0.9	pos	0.31033769	0.30562058	0.31693778	5.10266891	5.03610544	5.17796405	5.08997799	5.01150283	5.17101828	0.9289631	0.9221447	0.9362918	1.4289345	1.4197731	1.4387955
 4	0.0	neg	0.48912851	0.48254618	0.49567395	0.33540114	0.33051373	0.34136210	0.33522705	0.33037854	0.34074930	0.9499762	0.9387105	0.9596657	0.9501059	0.9399224	0.9602566
 4	0.0	pos	0.48249298	0.47520011	0.48961072	3.86836402	3.80423745	3.92804501	3.86329725	3.79686766	3.94448113	0.9429238	0.9371293	0.9491231	1.1784922	1.1715570	1.1842943
 4	0.3	neg	0.40150396	0.39578951	0.40711522	0.23213056	0.22855480	0.23530831	0.23171278	0.22831458	0.23473029	0.9530007	0.9458626	0.9594430	0.9526557	0.9458777	0.9595620
 4	0.3	pos	0.40173859	0.39450450	0.40934605	4.44909701	4.37007166	4.53185248	4.43333350	4.35391260	4.51901700	0.9415076	0.9318914	0.9528694	1.2527333	1.2414719	1.2617783
 4	0.6	neg	0.31949155	0.31445668	0.32361611	0.15148866	0.14876395	0.15403063	0.15116864	0.14877640	0.15398769	0.9472723	0.9400650	0.9536671	0.9476529	0.9394073	0.9561784
 4	0.6	pos	0.31348839	0.30808474	0.31844403	4.90026694	4.85105916	4.96713608	4.89584224	4.84076428	4.95558560	0.9371363	0.9274568	0.9453248	1.3522590	1.3389240	1.3663306
 4	0.9	neg	0.24688577	0.24371632	0.25035839	0.08923567	0.08833828	0.09025029	0.08914335	0.08830291	0.09013827	0.9330918	0.9262067	0.9408562	0.9325376	0.9265092	0.9399060
 4	0.9	pos	0.24102577	0.23746121	0.24486000	5.40990617	5.33682937	5.47236958	5.41125204	5.34280090	5.47351608	0.9310224	0.9223786	0.9417723	1.4993190	1.4909990	1.5114934
 5	0.0	neg	0.48822413	0.48220627	0.49541496	0.37249290	0.36770017	0.37683402	0.37252748	0.36775705	0.37684114	0.9533451	0.9476531	0.9581594	0.9542985	0.9482124	0.9600185
 5	0.0	pos	0.50153017	0.49010395	0.50920722	3.86896932	3.74378596	3.96779475	3.86676079	3.76329750	3.99676637	0.9613885	0.9499752	0.9701599	1.1869950	1.1768618	1.1952604
 5	0.3	neg	0.38172700	0.37363331	0.38980438	0.24846791	0.24270691	0.25456012	0.24788227	0.24269732	0.25456838	0.9501264	0.9393165	0.9634911	0.9513419	0.9362246	0.9652981
 5	0.3	pos	0.38547250	0.37500588	0.39475566	4.56893970	4.49082288	4.64959594	4.56263584	4.46760865	4.65240355	0.9478001	0.9318551	0.9600856	1.2581156	1.2393013	1.2701032
 5	0.6	neg	0.28765466	0.28255487	0.29366075	0.15235036	0.14951301	0.15538341	0.15231799	0.14939134	0.15529458	0.9578485	0.9485102	0.9669141	0.9574736	0.9498885	0.9662934
 5	0.6	pos	0.27439980	0.26955672	0.28045808	5.13685553	5.00031841	5.25256097	5.13654776	5.00484110	5.26085249	0.9292308	0.9184584	0.9398879	1.3633284	1.3492175	1.3776889
 5	0.9	neg	0.20102388	0.19876136	0.20329726	0.08093371	0.07982191	0.08167478	0.08099739	0.08001147	0.08183038	0.9372386	0.9307210	0.9440327	0.9368178	0.9292776	0.9424957
 5	0.9	pos	0.19481288	0.19059269	0.19915600	5.66299913	5.59215101	5.72839164	5.65144509	5.59439714	5.70407616	0.9315118	0.9180777	0.9440808	1.5572118	1.5425434	1.5733049
 6	0.0	neg	0.49678917	0.48767120	0.50506827	0.40832836	0.40071145	0.41717431	0.40744201	0.40002538	0.41663243	0.9497707	0.9408386	0.9572271	0.9494554	0.9408821	0.9580460
 6	0.0	pos	0.50617449	0.50078657	0.51161123	3.72597564	3.65923600	3.80185438	3.70834521	3.64167472	3.79163691	0.9605903	0.9522042	0.9712867	1.1712062	1.1619136	1.1790657
 6	0.3	neg	0.38636715	0.37981395	0.39300706	0.28087006	0.27629520	0.28471934	0.27980123	0.27498469	0.28474076	0.9627313	0.9550772	0.9712266	0.9628023	0.9546935	0.9714576
 6	0.3	pos	0.38837042	0.37332674	0.40183648	4.52368894	4.42465438	4.59763332	4.51223634	4.44397566	4.58717236	0.9542439	0.9396151	0.9686384	1.2453196	1.2233407	1.2620580
 6	0.6	neg	0.26544152	0.26065996	0.27029494	0.15691739	0.15353636	0.16002955	0.15705014	0.15386586	0.15930560	0.9541584	0.9447969	0.9641852	0.9552210	0.9427251	0.9654893
 6	0.6	pos	0.26390261	0.25659590	0.27195619	5.29852818	5.22039086	5.38473030	5.29679806	5.18684056	5.37399623	0.9545850	0.9397063	0.9724176	1.3943338	1.3849823	1.4043233
 6	0.9	neg	0.16848184	0.16543134	0.17275455	0.07460801	0.07293357	0.07654564	0.07462335	0.07289338	0.07616237	0.9380583	0.9297304	0.9476197	0.9380284	0.9286716	0.9463991
 6	0.9	pos	0.16473808	0.16172547	0.16750988	5.98652046	5.92775669	6.06051730	5.99169401	5.93173427	6.05792858	0.9356167	0.9246308	0.9464806	1.6210191	1.6069802	1.6380897
 7	0.0	neg	0.52349836	0.51491101	0.53144022	0.45372976	0.44611215	0.46113446	0.45376084	0.44690791	0.46064082	0.9645512	0.9573374	0.9716255	0.9643783	0.9559361	0.9721551
 7	0.0	pos	0.52882674	0.51657094	0.54017658	3.56962898	3.50167564	3.65240291	3.56043211	3.45886022	3.64244803	0.9613224	0.9491543	0.9745910	1.1546804	1.1450803	1.1645665
 7	0.3	neg	0.39308486	0.38874940	0.39632407	0.30481684	0.30096210	0.30833072	0.30467818	0.30124200	0.30795708	0.9600830	0.9555899	0.9639968	0.9602451	0.9566050	0.9641947
 7	0.3	pos	0.39958880	0.39467437	0.40417059	4.55093154	4.46780235	4.61934871	4.54950602	4.48533090	4.61058982	0.9626395	0.9567060	0.9670837	1.2483919	1.2423734	1.2549800
 7	0.6	neg	0.25443120	0.24889074	0.25910829	0.16463273	0.16144380	0.16794818	0.16465622	0.16160617	0.16751258	0.9602011	0.9473193	0.9738321	0.9605901	0.9477643	0.9716276
 7	0.6	pos	0.24744521	0.24466675	0.25046561	5.34160114	5.19314565	5.46370347	5.33787165	5.21396287	5.48144505	0.9408085	0.9346346	0.9478256	1.3714168	1.3601517	1.3854045
 7	0.9	neg	0.14466492	0.14267113	0.14716213	0.06972074	0.06815891	0.07122760	0.06952243	0.06788708	0.07162932	0.9326293	0.9243832	0.9435698	0.9327001	0.9228136	0.9430084
 7	0.9	pos	0.14300409	0.13938009	0.14641873	6.14420968	6.04440336	6.24127042	6.13858850	6.04051329	6.24329822	0.9356730	0.9214988	0.9458073	1.6557950	1.6483560	1.6634836
 8	0.0	neg	0.56345040	0.55384112	0.57449357	0.50631742	0.49861536	0.51537725	0.50629977	0.49616281	0.51549834	0.9785972	0.9680094	0.9888556	0.9802927	0.9684323	0.9920277
 8	0.0	pos	0.54795008	0.53883129	0.56036402	3.57624389	3.49592759	3.64896749	3.56379272	3.49937787	3.63390588	0.9585014	0.9502310	0.9677524	1.1503036	1.1397491	1.1608131
 8	0.3	neg	0.41363171	0.40813109	0.41844018	0.34181420	0.33748077	0.34569297	0.34142015	0.33724699	0.34566711	0.9673111	0.9592297	0.9747130	0.9678450	0.9612513	0.9745830
 8	0.3	pos	0.41504532	0.40609407	0.42098647	4.41483421	4.34657037	4.49282154	4.41793936	4.35190093	4.48440983	0.9680302	0.9587223	0.9761510	1.2362511	1.2227089	1.2501339
 8	0.6	neg	0.25053833	0.24673682	0.25360807	0.17384817	0.17146393	0.17597593	0.17375374	0.17116922	0.17599069	0.9618972	0.9536390	0.9707853	0.9615127	0.9536757	0.9683782
 8	0.6	pos	0.25306859	0.24996547	0.25664693	5.29701244	5.15501327	5.41608841	5.26376279	5.12949580	5.40157817	0.9600695	0.9551754	0.9645657	1.3734444	1.3594885	1.3881435
 8	0.9	neg	0.13158813	0.13024070	0.13320941	0.06756899	0.06660973	0.06854349	0.06735151	0.06640672	0.06847696	0.9424002	0.9332159	0.9515546	0.9420792	0.9335290	0.9510233
 8	0.9	pos	0.12867543	0.12766459	0.12962931	6.29368084	6.16311711	6.43623636	6.28847873	6.16757765	6.41547740	0.9396230	0.9329173	0.9488038	1.6885527	1.6714564	1.7029859
 9	0.0	neg	0.58081075	0.57226701	0.59107593	0.54005557	0.53069778	0.54684488	0.53944835	0.53114246	0.54721435	0.9727553	0.9635952	0.9847074	0.9730044	0.9640532	0.9840135
 9	0.0	pos	0.58893370	0.57977613	0.59730250	3.30567666	3.23150068	3.39913666	3.30816932	3.22766568	3.40026122	0.9696133	0.9634382	0.9740201	1.1437289	1.1347320	1.1529708
 9	0.3	neg	0.44538513	0.43651334	0.45406508	0.38449727	0.37746231	0.39224429	0.38420700	0.37468389	0.39206878	0.9838075	0.9742668	0.9934903	0.9821721	0.9727667	0.9903176
 9	0.3	pos	0.42927194	0.42156122	0.43786515	4.23490326	4.09789828	4.32765525	4.23380659	4.09754448	4.35530483	0.9645013	0.9517560	0.9774655	1.2115652	1.1961286	1.2247401
 9	0.6	neg	0.25211106	0.24823077	0.25591681	0.18529167	0.18219510	0.18800326	0.18529148	0.18262702	0.18783194	0.9626372	0.9562529	0.9698892	0.9628120	0.9551726	0.9691427
 9	0.6	pos	0.25262510	0.24911629	0.25688435	5.37428830	5.26816409	5.46155560	5.38048694	5.27610752	5.46054649	0.9548062	0.9495542	0.9608062	1.3620589	1.3507392	1.3719878
 9	0.9	neg	0.12040432	0.11857526	0.12300804	0.06697302	0.06576190	0.06816504	0.06695405	0.06577791	0.06812138	0.9446232	0.9339033	0.9546772	0.9444968	0.9353772	0.9555877
 9	0.9	pos	0.11953658	0.11669819	0.12171357	6.39237086	6.30867195	6.48882686	6.40417112	6.29423053	6.50219315	0.9447614	0.9296334	0.9554086	1.7100868	1.6902406	1.7293138
10	0.0	neg	0.63650761	0.62686956	0.64598542	0.60280406	0.59343730	0.61348083	0.60215338	0.59324744	0.61176420	0.9941516	0.9841182	1.0033516	0.9945122	0.9857600	1.0038344
10	0.0	pos	0.61071587	0.59736924	0.62229652	3.17324443	3.11403835	3.25413983	3.16972950	3.10606268	3.24303017	0.9664204	0.9562243	0.9759817	1.1304220	1.1181130	1.1431065
10	0.3	neg	0.46662312	0.45614767	0.47492110	0.41418881	0.40464633	0.42132871	0.41428208	0.40635030	0.42327400	0.9820386	0.9725622	0.9906059	0.9825705	0.9707962	0.9936261
10	0.3	pos	0.46119518	0.45214514	0.46931295	4.16355598	4.06328734	4.26393315	4.17058024	4.07447683	4.27985893	0.9734060	0.9633596	0.9856243	1.2092813	1.1996044	1.2186660
10	0.6	neg	0.26193559	0.25662428	0.26641056	0.20267736	0.19960165	0.20568089	0.20265202	0.19983512	0.20527167	0.9668350	0.9560103	0.9764349	0.9670513	0.9568783	0.9768808
10	0.6	pos	0.26386940	0.26041688	0.26680064	5.34638075	5.27930812	5.41258916	5.33622358	5.27112155	5.40502073	0.9571818	0.9511472	0.9640988	1.3471979	1.3402753	1.3537722
10	0.9	neg	0.11315319	0.11192327	0.11512269	0.06559169	0.06414589	0.06686181	0.06546078	0.06428600	0.06707243	0.9447687	0.9404076	0.9517459	0.9447810	0.9393734	0.9504934
10	0.9	pos	0.10884636	0.10642405	0.11090623	6.40693020	6.32097100	6.47181218	6.40117096	6.30263227	6.48520226	0.9256589	0.9159545	0.9365151	1.6937744	1.6774020	1.7118222
11	0.0	neg	0.64487686	0.62903340	0.65867522	0.62146259	0.60880777	0.63655128	0.62107643	0.60674541	0.63689041	0.9799112	0.9681776	0.9926012	0.9793424	0.9678929	0.9938933
11	0.0	pos	0.65027306	0.64246493	0.65542051	2.88967935	2.82627033	2.96014285	2.88164078	2.81909271	2.93774102	0.9778820	0.9737416	0.9818279	1.1222820	1.1167769	1.1271297
11	0.3	neg	0.48851544	0.47979590	0.49678794	0.44679010	0.43900674	0.45406783	0.44609604	0.43592548	0.45293245	0.9779985	0.9685057	0.9873949	0.9788781	0.9689001	0.9894457
11	0.3	pos	0.49121967	0.48538866	0.49698271	4.02432090	3.92943169	4.12061180	4.02108580	3.93580018	4.12642195	0.9771168	0.9693217	0.9841091	1.1984826	1.1850165	1.2091358
11	0.6	neg	0.27061846	0.26593527	0.27526394	0.21751487	0.21373697	0.22107777	0.21768943	0.21442691	0.22177873	0.9659570	0.9593770	0.9721464	0.9672835	0.9601471	0.9745231
11	0.6	pos	0.27582961	0.27033954	0.28141542	5.30494937	5.14996565	5.41619960	5.29328641	5.10434713	5.41052670	0.9635504	0.9530184	0.9765034	1.3360176	1.3213317	1.3485047
11	0.9	neg	0.10713812	0.10576755	0.10851977	0.06583737	0.06477811	0.06717308	0.06582378	0.06474026	0.06684323	0.9421898	0.9356049	0.9497864	0.9418113	0.9362439	0.9479356
11	0.9	pos	0.10769063	0.10622456	0.10926540	6.52730189	6.42519700	6.64316140	6.51787133	6.42531740	6.62112936	0.9508498	0.9426832	0.9590722	1.7294455	1.7144740	1.7427677
12	0.0	neg	0.66889735	0.65726351	0.68225494	0.65131382	0.64000101	0.66308148	0.65117488	0.63960998	0.66270309	0.9743019	0.9632850	0.9851918	0.9740464	0.9637853	0.9875205
12	0.0	pos	0.69009691	0.67468048	0.70116646	2.84566317	2.75138052	2.93303938	2.84954918	2.73438200	2.96034590	0.9880262	0.9798825	0.9952095	1.1284704	1.1127811	1.1404871
12	0.3	neg	0.51637482	0.50960416	0.52237748	0.48077910	0.47498173	0.48521219	0.48067976	0.47516494	0.48601085	0.9805385	0.9708235	0.9894350	0.9804763	0.9716719	0.9888453
12	0.3	pos	0.51764390	0.50901561	0.52888742	3.90035235	3.82766513	3.97307042	3.90226274	3.83660951	3.96651282	0.9815929	0.9737274	0.9897937	1.1923071	1.1820294	1.2042624
12	0.6	neg	0.28429066	0.28103619	0.28788371	0.23736897	0.23481546	0.24011772	0.23721916	0.23429986	0.24024158	0.9652589	0.9572402	0.9731051	0.9654236	0.9588625	0.9733549
12	0.6	pos	0.29314907	0.28859152	0.29793122	5.17131565	5.04785237	5.27988382	5.17245920	5.04921393	5.26920197	0.9773881	0.9685130	0.9877144	1.3295551	1.3147046	1.3437416
12	0.9	neg	0.10373994	0.10262645	0.10482901	0.06598425	0.06509293	0.06719484	0.06608272	0.06520463	0.06717381	0.9480796	0.9415498	0.9561918	0.9482239	0.9409272	0.9552100
12	0.9	pos	0.10196801	0.10000369	0.10400514	6.58748856	6.50015158	6.71321396	6.58433944	6.47778866	6.69503980	0.9385074	0.9235102	0.9540265	1.7195797	1.6995192	1.7388730
13	0.0	neg	0.70920287	0.69695225	0.72216793	0.69463939	0.68501948	0.70528340	0.69514089	0.68576263	0.70675031	0.9889624	0.9798080	0.9957674	0.9900087	0.9824647	0.9997364
13	0.0	pos	0.70249216	0.68962031	0.71600035	2.66044502	2.60468958	2.73386492	2.65350124	2.58041876	2.73028049	0.9748043	0.9632197	0.9874347	1.1057407	1.0908968	1.1194743
13	0.3	neg	0.54925086	0.53957858	0.55647598	0.51949286	0.51207500	0.52763816	0.51813335	0.51138353	0.52485905	0.9878297	0.9781122	0.9973891	0.9877870	0.9804242	0.9946620
13	0.3	pos	0.53722302	0.53083673	0.54782966	3.52223137	3.44124971	3.64343601	3.51897652	3.42758273	3.62111389	0.9670496	0.9592624	0.9734832	1.1536354	1.1422976	1.1643201
13	0.6	neg	0.30864995	0.30506199	0.31172014	0.26682215	0.26413696	0.26969231	0.26614506	0.26168329	0.26979239	0.9841614	0.9795581	0.9889253	0.9843479	0.9779426	0.9894622
13	0.6	pos	0.30828592	0.30202657	0.31380472	5.14916161	5.08714153	5.21059637	5.14670728	5.08106013	5.21045111	0.9749855	0.9636765	0.9865749	1.3120672	1.3013029	1.3221778
13	0.9	neg	0.10076400	0.09901471	0.10288908	0.06722877	0.06570224	0.06885755	0.06703313	0.06554396	0.06843883	0.9524823	0.9456350	0.9600072	0.9522156	0.9452848	0.9615308
13	0.9	pos	0.10084411	0.09936215	0.10294318	6.61528560	6.51949431	6.70462334	6.60365316	6.49712604	6.73854997	0.9508602	0.9424895	0.9610430	1.7271540	1.7141966	1.7428073
14	0.0	neg	0.73664882	0.71867151	0.75576190	0.72464890	0.70538444	0.74011353	0.72344371	0.70408497	0.74236584	0.9864925	0.9688170	1.0028646	0.9868009	0.9753802	1.0006000
14	0.0	pos	0.75040046	0.74260375	0.75893307	2.48674771	2.42830999	2.55432943	2.48322788	2.41959471	2.53925717	0.9946553	0.9902005	0.9991970	1.1142807	1.1068885	1.1209315
14	0.3	neg	0.58763989	0.57626420	0.59617199	0.56314010	0.55343050	0.57192965	0.56378269	0.55332555	0.57138814	0.9964149	0.9806725	1.0082081	0.9966655	0.9825104	1.0057758
14	0.3	pos	0.57116620	0.55825040	0.58632612	3.47820543	3.36078203	3.60709644	3.48028809	3.37150501	3.58845263	0.9740282	0.9612583	0.9872956	1.1548207	1.1366565	1.1732949
14	0.6	neg	0.31901094	0.31421386	0.32536328	0.28309319	0.27783368	0.28739837	0.28351251	0.27731501	0.28804462	0.9705673	0.9615831	0.9793289	0.9718617	0.9637904	0.9808905
14	0.6	pos	0.31847563	0.31338123	0.32361980	4.94162632	4.80241291	5.07008853	4.93838179	4.80966416	5.07257821	0.9619762	0.9533253	0.9693258	1.2769545	1.2656163	1.2900851
14	0.9	neg	0.09977686	0.09794719	0.10159192	0.06920168	0.06778384	0.07023117	0.06916343	0.06810816	0.07033324	0.9552419	0.9478013	0.9636859	0.9560487	0.9476569	0.9685620
14	0.9	pos	0.09972955	0.09734825	0.10161406	6.68976479	6.59064853	6.81732636	6.69309247	6.57916541	6.80976987	0.9495323	0.9363609	0.9630474	1.7247017	1.7031645	1.7442299
15	0.0	neg	0.74945901	0.73759008	0.76005424	0.74139646	0.73261935	0.75161297	0.74111622	0.72839461	0.74971342	0.9838518	0.9743181	0.9927084	0.9838381	0.9738791	0.9927227
15	0.0	pos	0.76548562	0.75614343	0.77567659	2.38798144	2.37011939	2.41175498	2.38388922	2.36427971	2.40369472	0.9883091	0.9819447	0.9960867	1.1034763	1.0975537	1.1102962
15	0.3	neg	0.59836608	0.58547990	0.60914490	0.57984580	0.56732407	0.59226538	0.58032576	0.56798448	0.59416197	0.9817463	0.9733025	0.9901224	0.9812791	0.9692003	0.9904220
15	0.3	pos	0.61404615	0.60016961	0.62549999	3.24510390	3.18846853	3.31009668	3.24665814	3.18491860	3.29618503	0.9868015	0.9722918	1.0002662	1.1500337	1.1377552	1.1636086
15	0.6	neg	0.35018067	0.34366020	0.35634758	0.31665386	0.31011549	0.32386967	0.31699626	0.31095039	0.32413832	0.9855029	0.9770288	0.9951180	0.9862965	0.9765190	0.9962618
15	0.6	pos	0.34754382	0.34035975	0.35347337	4.83108352	4.74545320	4.93737175	4.82917246	4.72832103	4.92854801	0.9726240	0.9594414	0.9831882	1.2706052	1.2547933	1.2834712
15	0.9	neg	0.09894759	0.09662378	0.10089910	0.07132386	0.06979529	0.07323423	0.07108378	0.06902755	0.07284153	0.9538345	0.9419877	0.9646720	0.9546053	0.9447332	0.9650628
15	0.9	pos	0.09720076	0.09442177	0.10003774	6.66472591	6.56959042	6.76635711	6.65702810	6.55898404	6.76776048	0.9412414	0.9236861	0.9592033	1.7026953	1.6781891	1.7275886
16	0.0	neg	0.77498894	0.76371785	0.78859140	0.76829431	0.75540982	0.77935716	0.76834024	0.75458508	0.78100645	0.9869878	0.9788473	0.9961882	0.9867820	0.9782449	0.9945150
16	0.0	pos	0.78086001	0.76335810	0.79686169	2.21026215	2.16906133	2.27205290	2.21276108	2.16829689	2.25851460	0.9863050	0.9723512	0.9996809	1.0885065	1.0737616	1.1031685
16	0.3	neg	0.63024225	0.62460492	0.63585391	0.61512338	0.60823815	0.62123870	0.61487833	0.60865113	0.62055908	0.9804077	0.9751013	0.9859513	0.9812242	0.9757257	0.9861299
16	0.3	pos	0.64705159	0.63488893	0.66156555	3.06241277	2.98727518	3.13455446	3.05524662	2.98603899	3.12419869	0.9861076	0.9772171	0.9938941	1.1400107	1.1293082	1.1484265
16	0.6	neg	0.36774344	0.36113878	0.37645988	0.33991324	0.33316913	0.34730108	0.33877222	0.33078349	0.34762175	0.9757586	0.9664079	0.9872590	0.9761242	0.9668725	0.9855895
16	0.6	pos	0.37416135	0.36873254	0.37938975	4.57313010	4.51216080	4.64715829	4.56798051	4.49700176	4.64987336	0.9814600	0.9724003	0.9910711	1.2546543	1.2439144	1.2629248
16	0.9	neg	0.09992045	0.09747290	0.10221604	0.07346691	0.07123254	0.07603404	0.07345693	0.07188876	0.07506209	0.9621737	0.9492901	0.9752926	0.9599942	0.9473140	0.9724877
16	0.9	pos	0.09882395	0.09738192	0.10069825	6.58615111	6.48777890	6.73253110	6.58184772	6.48974579	6.70112781	0.9505170	0.9345620	0.9657680	1.6936509	1.6799653	1.7079910
17	0.0	neg	0.79825179	0.78786883	0.80875093	0.79337742	0.78196249	0.80360829	0.79287085	0.78282102	0.80410345	0.9911470	0.9830926	0.9984790	0.9913208	0.9823432	1.0013348
17	0.0	pos	0.79947305	0.79065644	0.81169672	2.09730418	2.04845098	2.14867251	2.09529235	2.04844351	2.15182122	0.9837558	0.9768296	0.9909133	1.0828033	1.0722059	1.0938420
17	0.3	neg	0.66910258	0.65855368	0.68503540	0.65547804	0.64423474	0.66721465	0.65452514	0.64273670	0.66918137	0.9881940	0.9802708	0.9993572	0.9878175	0.9805134	0.9972030
17	0.3	pos	0.66499266	0.65426986	0.67656127	2.85361763	2.77376220	2.92863198	2.85477883	2.76818609	2.92444251	0.9791654	0.9674953	0.9906999	1.1204466	1.1108319	1.1319163
17	0.6	neg	0.40027647	0.39367835	0.40701291	0.37365308	0.36779646	0.38172868	0.37391834	0.36674986	0.38191955	0.9862664	0.9790626	0.9941050	0.9876107	0.9805358	0.9956525
17	0.6	pos	0.40072314	0.39078123	0.41056213	4.59652288	4.48785081	4.71274640	4.60271283	4.47792027	4.74639710	0.9871878	0.9746600	1.0032604	1.2541127	1.2350455	1.2724022
17	0.9	neg	0.09733949	0.09519621	0.09922011	0.07348427	0.07178320	0.07540810	0.07351477	0.07151932	0.07509941	0.9402158	0.9310389	0.9514275	0.9402537	0.9310159	0.9497190
17	0.9	pos	0.10194957	0.10040286	0.10373999	6.54279940	6.48288594	6.60220392	6.54646248	6.48314003	6.60095903	0.9635600	0.9534803	0.9721851	1.6896817	1.6811976	1.6974648
18	0.0	neg	0.81431299	0.80272479	0.82567052	0.80975749	0.79778099	0.82279174	0.80996357	0.79814098	0.82467363	0.9885915	0.9803759	0.9994851	0.9896967	0.9804853	0.9986122
18	0.0	pos	0.81130353	0.79404216	0.82330188	2.00279675	1.94483794	2.06042814	2.00141359	1.92651051	2.05791485	0.9776266	0.9701984	0.9861076	1.0718494	1.0624795	1.0826560
18	0.3	neg	0.70660499	0.69168700	0.72058150	0.69672358	0.68067614	0.71467775	0.69494777	0.68140978	0.70745955	0.9943712	0.9846455	1.0052203	0.9932855	0.9823401	1.0037123
18	0.3	pos	0.70218458	0.68941011	0.71417281	2.77555262	2.70142326	2.84082211	2.78011971	2.70765660	2.83983364	0.9938293	0.9824896	1.0063134	1.1309219	1.1201709	1.1419144
18	0.6	neg	0.43860704	0.42881016	0.44561968	0.41286528	0.40541057	0.42123985	0.41234168	0.40288820	0.41946317	0.9954038	0.9858757	1.0043222	0.9952184	0.9852500	1.0056250
18	0.6	pos	0.41980397	0.41259032	0.42673044	4.43075134	4.32310885	4.54841876	4.43486882	4.33075355	4.55037757	0.9770037	0.9681295	0.9836517	1.2271441	1.2126423	1.2401224
18	0.9	neg	0.10462073	0.10310999	0.10695382	0.08224910	0.08010432	0.08479750	0.08169968	0.07973659	0.08424733	0.9721776	0.9629450	0.9840784	0.9722120	0.9622954	0.9811764
18	0.9	pos	0.10228551	0.10082778	0.10389104	6.56643565	6.46856882	6.63200554	6.57474018	6.48265384	6.64634063	0.9601757	0.9509577	0.9702045	1.6746874	1.6539383	1.6914631
19	0.0	neg	0.83848307	0.82416295	0.86293597	0.83629483	0.82094534	0.85717094	0.83518747	0.81718023	0.85371456	0.9912623	0.9811919	1.0024661	0.9928395	0.9818625	1.0033732
19	0.0	pos	0.85601057	0.84063563	0.87337076	1.86197797	1.81832946	1.90391406	1.86023093	1.82052435	1.89571523	0.9957154	0.9869454	1.0072181	1.0793640	1.0707266	1.0876709
19	0.3	neg	0.72967556	0.72196693	0.73709425	0.72001851	0.70967105	0.72874401	0.72065032	0.71169800	0.73070706	0.9962476	0.9883750	1.0016977	0.9960932	0.9896275	1.0029883
19	0.3	pos	0.72387669	0.70235817	0.74231909	2.61300783	2.52743370	2.67514545	2.60792321	2.51069656	2.70495650	0.9894132	0.9784362	0.9996648	1.1168667	1.1038498	1.1248900
19	0.6	neg	0.45333985	0.44526835	0.46018818	0.43376384	0.42718489	0.44277949	0.43328706	0.42484442	0.44158213	0.9844535	0.9739438	0.9929832	0.9847836	0.9748430	0.9948935
19	0.6	pos	0.44848310	0.44324583	0.45440736	4.14794482	4.04354020	4.24928979	4.14625515	4.03757801	4.26439987	0.9807575	0.9717424	0.9881465	1.2102027	1.2006173	1.2206919
19	0.9	neg	0.10597634	0.10451123	0.10753114	0.08417770	0.08286034	0.08593012	0.08401353	0.08235093	0.08528210	0.9664050	0.9590495	0.9753757	0.9667944	0.9593879	0.9740637
19	0.9	pos	0.10506510	0.10303975	0.10751378	6.55954423	6.49596992	6.61710104	6.55908293	6.48624490	6.62192706	0.9592144	0.9448334	0.9734701	1.6583014	1.6459199	1.6723815
20	0.0	neg	0.85418202	0.83919150	0.86583174	0.85340300	0.84130229	0.86556028	0.85320302	0.84261185	0.86377741	0.9869260	0.9780637	0.9957742	0.9877700	0.9779260	0.9986193
20	0.0	pos	0.84362706	0.83488529	0.85383521	1.79606941	1.75092027	1.83327725	1.79203060	1.73944470	1.83821236	0.9784438	0.9706762	0.9873652	1.0597832	1.0486784	1.0678668
20	0.3	neg	0.75155781	0.73868075	0.76435350	0.74687930	0.73381940	0.75861554	0.74408021	0.73451875	0.75552315	0.9936820	0.9862326	1.0025748	0.9948894	0.9855542	1.0115453
20	0.3	pos	0.75200562	0.73003212	0.77122745	2.38754357	2.30810642	2.47891985	2.37942790	2.30267929	2.45328288	0.9956250	0.9843402	1.0105460	1.1081214	1.0948870	1.1205720
20	0.6	neg	0.48325600	0.47508985	0.49173437	0.46333700	0.45578573	0.47061244	0.46292720	0.45541125	0.47075109	0.9908500	0.9810055	1.0000913	0.9909706	0.9801255	1.0019439
20	0.6	pos	0.48157255	0.47518433	0.48890100	3.88321623	3.77527127	3.97900689	3.90026809	3.78769086	3.99369206	0.9870079	0.9790076	0.9972299	1.1953911	1.1880398	1.2025021
20	0.9	neg	0.10654621	0.10411504	0.10923505	0.08706409	0.08455611	0.09001019	0.08708031	0.08471969	0.09026549	0.9594852	0.9472281	0.9720580	0.9595918	0.9468678	0.9731973
20	0.9	pos	0.10711397	0.10612290	0.10829463	6.49366231	6.36546546	6.62541163	6.48274311	6.38051501	6.58050234	0.9594037	0.9525737	0.9665474	1.6350146	1.6205822	1.6482642
