t	P	cov	vg_HEreg_noa.mean	vg_HEreg_noa.CI95l	vg_HEreg_noa.CI95r	vg_HEreg_adj.mean	vg_HEreg_adj.CI95l	vg_HEreg_adj.CI95r	exp.vg	va.term1	va.term2	va.term3	va.term4	vg_GRMvarX_ganc.mean	vg_GRMvarX_ganc.CI95l	vg_GRMvarX_ganc.CI95r	vg_GRMvarX_noa.mean	vg_GRMvarX_noa.CI95l	vg_GRMvarX_noa.CI95r	vg_GRMvarX_gcta.mean	vg_GRMvarX_gcta.CI95l	vg_GRMvarX_gcta.CI95r	vg_GRMld_ganc.mean	vg_GRMld_ganc.CI95l	vg_GRMld_ganc.CI95r	vg_GRMld_noa.mean	vg_GRMld_noa.CI95l	vg_GRMld_noa.CI95r
0	0	neg	0.02532406	0.02474459	0.02595435	0.03692375	0.03601011	0.03805221	0.93881107	0.938770132	0.060229868	0.060229868	-0.120418798	0.0524178	0.05117676	0.05388861	0.03611142	0.03516528	0.03679352	0.03600743	0.03520342	0.03701452	0.9402956	0.9295189	0.954718	0.940383	0.9291841	0.9552971
0	0	pos	6.00887088	5.95114635	6.06580055	0.03620956	0.03520328	0.03724707	2.070847876	0.938770132	0.060229868	0.060229868	1.011618008	0.0513651	0.04978287	0.05270329	7.30163033	7.22977014	7.36532964	7.29566135	7.22611	7.368839	0.9288241	0.9139699	0.9438578	2.0660125	2.0447333	2.0818159
0	0	zero	0.67500117	0.65544973	0.68929829	0.03638256	0.03553813	0.03728722	1.06039561919038	0.938770132112654	0.0602298678873465	0.0602298678873465	0.0011657513030362	0.05169098	0.05051771	0.052617	0.82426429	0.80903159	0.84018433	0.82239286	0.8004924	0.84160538	0.9364734	0.9242633	0.9495578	1.0506615	1.0368123	1.0652829
0	0.9	neg	0.02527206	0.02466734	0.02617232	0.03681073	0.03602947	0.03784405	0.93881107	0.938770132	0.060229868	0.060229868	-0.120418798	0.05229911	0.05120559	0.05358416	0.03609612	0.03513122	0.03716667	0.03608874	0.03517068	0.03730124	0.9417861	0.9301608	0.9555534	0.9416271	0.9288329	0.9538932
0	0.9	pos	6.00970431	5.95384948	6.0917445	0.03613239	0.0348456	0.03722028	2.070847876	0.938770132	0.060229868	0.060229868	1.011618008	0.05139636	0.05000585	0.05286244	7.29654611	7.23731532	7.37125759	7.29297852	7.22806009	7.36338563	0.9302679	0.916013	0.9468154	2.0646212	2.046095	2.0841972
0	0.9	zero	0.67345616	0.658268	0.69076094	0.03633744	0.03555384	0.03705254	1.06039561919038	0.938770132112654	0.0602298678873465	0.0602298678873465	0.0011657513030362	0.05184949	0.05058523	0.05278761	0.82317241	0.80523527	0.84354825	0.82422789	0.80463712	0.84199247	0.9356637	0.9246729	0.9493254	1.0510054	1.0357872	1.0642291
1	0	neg	0.09885841	0.09697666	0.10149958	0.11828434	0.11562833	0.12039872	0.968905535	0.938770132	0.060229868	0.030114934	-0.060209399	0.14084449	0.13736383	0.14419916	0.11804694	0.11372691	0.12132084	0.11810895	0.11498761	0.12163955	0.9649212	0.9549182	0.9760707	0.9649892	0.9521298	0.9764538
1	0	pos	5.7023418	5.59495708	5.80388827	0.11316972	0.11118089	0.11493661	1.534923938	0.938770132	0.060229868	0.030114934	0.505809004	0.13555533	0.13335381	0.13751758	6.28439046	6.16670564	6.40102119	6.28338206	6.17225619	6.35086896	0.9492912	0.9392708	0.9574478	1.5342074	1.520598	1.5489676
1	0	zero	0.69477913	0.67223706	0.72094506	0.11869596	0.11725001	0.1201558	1.02966062281029	0.938770334392055	0.0602298674265576	0.0300782552574738	0.00058216573420082	0.1418325	0.14048126	0.14315347	0.77073594	0.74111736	0.79549133	0.77559107	0.74795061	0.80020305	0.9691596	0.9603739	0.9764481	1.0252493	1.0173551	1.0367247
1	0.9	neg	0.02804988	0.02740086	0.02903215	0.0398562	0.03917482	0.0405464	0.941820516	0.938770132	0.060229868	0.057218374	-0.114397858	0.05576351	0.05506089	0.05662514	0.03935464	0.03829855	0.04064919	0.03938608	0.03820833	0.0408448	0.9419604	0.9356289	0.9496509	0.9433075	0.9346116	0.9491102
1	0.9	pos	6.02466377	5.96505086	6.09702445	0.03934526	0.03866405	0.03998449	2.017255482	0.938770132	0.060229868	0.057218374	0.961037108	0.05518403	0.0542409	0.05614608	7.24727373	7.15463605	7.35908658	7.24720775	7.17025561	7.32925145	0.9349703	0.9231389	0.9431389	2.0229381	2.0021146	2.0413615
1	0.9	zero	0.6555633	0.6445712	0.66822821	0.03939719	0.03840997	0.04025697	1.05741811458327	0.938770095288214	0.0602298677774065	0.0573089349782477	0.00110921653939979	0.05518686	0.05395016	0.05661389	0.79316157	0.77779266	0.81039981	0.79329788	0.77753591	0.81051049	0.9358427	0.9238845	0.9486522	1.0410702	1.028452	1.0549142
10	0	neg	0.97677484	0.95704843	0.99470904	0.97596721	0.9534372	0.99482645	0.998941222	0.938770132	0.060229868	5.88e-05	-0.000117596	0.97669544	0.95450966	0.99824859	0.97721297	0.95758325	0.99418595	0.97724921	0.9563114	0.99655771	0.987427	0.97697	0.9995261	0.9879966	0.9747277	1.0009331
10	0	pos	1.00669698	0.99492772	1.0236919	1.00352846	0.99234784	1.02110868	1.000046726	0.938770132	0.060229868	5.88e-05	0.000987908	1.00373453	0.98985158	1.01914876	1.00617891	0.99523002	1.02114866	1.00529963	0.99463723	1.0181408	0.9973427	0.9909916	1.004111	1.0003001	0.9936599	1.0100226
10	0	zero	0.99994751	0.98245807	1.01483356	1.00295155	0.98893597	1.01647765	0.999090677720673	0.938769830580676	0.0602298667573692	8.92528896726524e-05	1.72749295466244e-06	1.00447981	0.98651517	1.02104693	1.00086539	0.9829172	1.01449924	1.00492184	0.9879663	1.01925399	1.0037017	0.9938939	1.0129181	1.0010342	0.9914779	1.010805
10	0.9	neg	0.06928571	0.06764198	0.0707078	0.08594373	0.08472545	0.08744919	0.962962664	0.938770132	0.060229868	0.036061847	-0.072099183	0.10661977	0.10495323	0.10833999	0.0863387	0.08449743	0.08822311	0.08608666	0.08435028	0.08816451	0.9564648	0.949107	0.9675509	0.9579692	0.949667	0.9675449
10	0.9	pos	5.69133987	5.57649572	5.82465116	0.08545178	0.08368074	0.08785546	1.640754917	0.938770132	0.060229868	0.036061847	0.60569307	0.10576509	0.1031493	0.10854848	6.41510915	6.2934963	6.56759537	6.40355964	6.28235086	6.54296459	0.9463543	0.9366365	0.9578116	1.6203567	1.6057578	1.6373161
10	0.9	zero	0.6815145	0.6514131	0.71472701	0.08722271	0.08584635	0.08871302	1.0358826588822	0.938770234935466	0.0602298669920763	0.0361822482128225	0.000700308741831698	0.10796228	0.10637742	0.10974483	0.76724798	0.73515158	0.79768075	0.77105169	0.73822864	0.80302473	0.9631902	0.9539095	0.9751589	1.0307522	1.0173535	1.0431537
11	0	neg	0.99627487	0.97899352	1.01559327	0.99308054	0.97519725	1.01437644	0.998970611	0.938770132	0.060229868	2.94e-05	-5.88e-05	0.99557723	0.97486496	1.01744833	0.99469789	0.9748168	1.01272923	0.99601475	0.97442271	1.01482629	0.9949962	0.9833708	1.0112628	0.9948414	0.9814649	1.0124132
11	0	pos	1.01092165	0.99171028	1.03847581	1.0092519	0.98903408	1.03545635	0.999523363	0.938770132	0.060229868	2.94e-05	0.000493954	1.00926981	0.99049478	1.03586154	1.01068368	0.99203349	1.03319865	1.01582141	0.99696518	1.04550651	1.0002918	0.98668	1.0140264	1.0020703	0.9913936	1.0162248
11	0	zero	0.98793024	0.97207951	1.00915295	0.99259047	0.97388628	1.01505657	0.999060502480655	0.938769914940265	0.0602298659805499	5.95686072603139e-05	1.15295257933567e-06	0.99097557	0.96924375	1.01110304	0.99154755	0.96991464	1.01149045	0.99482567	0.97468539	1.01325035	0.996191	0.983646	1.0065672	0.9919833	0.9796025	1.007006
11	0.9	neg	0.07695771	0.07569765	0.07824872	0.09547865	0.09325586	0.09746907	0.964764531	0.938770132	0.060229868	0.034258754	-0.068494223	0.11722493	0.11499146	0.11892947	0.09464476	0.09258293	0.09620022	0.09442419	0.0922582	0.0960235	0.9717585	0.9602356	0.9796936	0.9721744	0.9629932	0.9815107
11	0.9	pos	5.70823852	5.59961434	5.85087416	0.09276704	0.0912418	0.09413249	1.608667171	0.938770132	0.060229868	0.034258754	0.575408416	0.113718	0.11207379	0.11537058	6.37898021	6.26572814	6.50146076	6.38074628	6.28930231	6.49059644	0.9514291	0.940492	0.9621524	1.5994646	1.5824773	1.6145213
11	0.9	zero	0.64127516	0.6111919	0.67268261	0.09546175	0.09422222	0.09715554	1.03407041636234	0.938769552102227	0.0602298674699581	0.0344050851054792	0.000665911684677791	0.11720988	0.11545314	0.11884287	0.72687227	0.68931161	0.76443931	0.72520916	0.68792087	0.75907195	0.9703521	0.961837	0.9774449	1.028444	1.0165796	1.0377273
12	0	neg	0.98489324	0.9648466	1.00468991	0.98441395	0.96660024	1.00359353	0.998985305	0.938770132	0.060229868	1.47e-05	-2.94e-05	0.98417633	0.9655641	1.00648539	0.98618011	0.96608857	1.00878244	0.9847629	0.96825387	1.0028758	0.9913776	0.9808679	1.0025022	0.9916442	0.9813525	1.0039188
12	0	pos	0.99397162	0.97393284	1.01090043	0.99246133	0.97757138	1.00666371	0.999261682	0.938770132	0.060229868	1.47e-05	0.000246977	0.99303491	0.97176308	1.00816742	0.99707182	0.97260753	1.02053572	0.99565513	0.97529836	1.01319337	0.9936555	0.982996	1.0038861	0.9964423	0.9857392	1.0063631
12	0	zero	0.97973377	0.96846887	0.99380487	0.98411597	0.96962848	0.99761079	0.999045701619679	0.93877023921975	0.0602298631718782	4.47334112354078e-05	8.65816815910471e-07	0.98438643	0.96998674	0.99987556	0.98161906	0.9688248	0.99659221	0.98471426	0.97154293	0.99631629	0.988169	0.9786442	0.9983017	0.9841901	0.9750191	0.9949834
12	0.9	neg	0.08375301	0.08256018	0.08501571	0.10353402	0.10177781	0.10514343	0.966476304	0.938770132	0.060229868	0.032545817	-0.065069512	0.12566724	0.12388865	0.12761769	0.10202496	0.10000437	0.10392152	0.10205677	0.10065248	0.10360705	0.9681141	0.9615249	0.9754923	0.9687418	0.9616115	0.97519
12	0.9	pos	5.72059894	5.55949438	5.90526699	0.10190539	0.10026913	0.10355228	1.578183812	0.938770132	0.060229868	0.032545817	0.546637995	0.12369793	0.12179227	0.12535673	6.37401609	6.23762844	6.54644417	6.36508003	6.20741947	6.52123935	0.9587927	0.9506518	0.9671101	1.5806608	1.5617538	1.5976281
12	0.9	zero	0.67380656	0.63028199	0.72269004	0.10179794	0.09899018	0.10419459	1.03234210116237	0.938769942074063	0.0602298674778527	0.0327092037712345	0.000633087839224763	0.12300826	0.12004609	0.12609776	0.75416046	0.70443343	0.81071358	0.74820368	0.70022224	0.79424847	0.9636243	0.9506615	0.979213	1.0230777	1.0106351	1.0332156
13	0	neg	1.00139102	0.98848779	1.01420189	1.00040935	0.98777816	1.01066446	0.998992653	0.938770132	0.060229868	7.35e-06	-1.47e-05	1.00126604	0.98990224	1.01054022	1.0008964	0.99077973	1.01046371	1.00030091	0.99017495	1.01100396	1.0029362	0.9982512	1.0069733	1.0037798	0.9984474	1.0085639
13	0	pos	0.99348763	0.97470608	1.01344439	0.99095223	0.97301216	1.00766957	0.999130841	0.938770132	0.060229868	7.35e-06	0.000123489	0.99073931	0.97312158	1.00558501	0.99269111	0.976075	1.0105599	0.99216053	0.97432486	1.01365771	0.9932674	0.9790996	1.0049777	0.9967095	0.9840966	1.009453
13	0	zero	0.99166745	0.97550652	1.00561058	0.99520721	0.97946335	1.01038564	0.999037114128215	0.938769107148748	0.0602298640611805	3.74186783932259e-05	7.24239893343011e-07	0.99403192	0.98167846	1.00855567	0.99168953	0.97618326	1.00825794	0.99540967	0.98171131	1.01107765	0.9928098	0.9846698	1.0007731	0.9888681	0.9807911	0.9976432
13	0.9	neg	0.0925858	0.09082586	0.09436138	0.11222153	0.11073987	0.11369396	0.968102489	0.938770132	0.060229868	0.030918526	-0.061816037	0.13440497	0.13220525	0.13668434	0.11142889	0.10927795	0.11377247	0.11156617	0.10956408	0.11403527	0.9725112	0.9623119	0.9829599	0.9723295	0.9589608	0.9851807
13	0.9	pos	5.67299137	5.58446764	5.77084734	0.11091181	0.10944938	0.11239573	1.549224622	0.938770132	0.060229868	0.030918526	0.519306096	0.13325776	0.13112102	0.13525035	6.27447545	6.14726159	6.39289481	6.26764685	6.12729567	6.36311934	0.9603038	0.9522915	0.9707815	1.5499288	1.5380351	1.5612279
13	0.9	zero	0.68107405	0.66063901	0.70075368	0.11258246	0.1107679	0.11447191	1.03073426356149	0.938770258295013	0.0602298670588737	0.0311315852330778	0.000602552974529558	0.13517534	0.13290806	0.13739599	0.76162165	0.74083478	0.78487221	0.75892489	0.73382629	0.78194449	0.9753641	0.9655967	0.9828738	1.0293069	1.0178144	1.0399576
14	0	neg	1.00247547	0.99228363	1.01274261	1.00005423	0.98744936	1.0102051	0.998996326	0.938770132	0.060229868	3.68e-06	-7.35e-06	1.0008529	0.98673313	1.01084064	1.00059104	0.98762766	1.01311357	1.00059415	0.98698051	1.0131147	1.0026344	0.9960542	1.0096516	1.0031638	0.9968077	1.0094122
14	0	pos	0.99673765	0.97026085	1.01700179	0.99528283	0.97009755	1.0147066	0.99906542	0.938770132	0.060229868	3.68e-06	6.17e-05	0.99410304	0.96935362	1.01687901	0.99551572	0.97384838	1.01430342	0.99669677	0.97607659	1.02254564	0.993381	0.980303	1.0076007	0.9943373	0.9810745	1.0068801
14	0	zero	0.98731414	0.98065923	0.99367878	0.99169036	0.98464888	0.99860998	0.999033632863896	0.938769431734252	0.0602298640262883	3.36851264964724e-05	6.51976859382282e-07	0.99112622	0.98545773	0.99743185	0.98741907	0.98030548	0.99339197	0.99153664	0.98507898	0.99818396	0.9931903	0.9883105	0.9970927	0.9893375	0.9850816	0.9938759
14	0.9	neg	0.1015565	0.10047314	0.10296237	0.12189399	0.12062833	0.123124	0.969647365	0.938770132	0.060229868	0.0293726	-0.058725235	0.14484056	0.14333325	0.14643505	0.12111445	0.11974926	0.1223584	0.1210333	0.11974609	0.12235921	0.9733443	0.9662903	0.9809069	0.9742841	0.9681972	0.9811954
14	0.9	pos	5.6566333	5.52882955	5.78230915	0.12026589	0.11835893	0.12225311	1.52171339	0.938770132	0.060229868	0.0293726	0.493340791	0.14288276	0.14076285	0.14501154	6.20503623	6.0667564	6.35449946	6.22493119	6.08647397	6.38086499	0.964214	0.9555051	0.9747154	1.530004	1.5174964	1.5420878
14	0.9	zero	0.67956861	0.64214341	0.71345755	0.12191392	0.12011835	0.12365709	1.02913697791353	0.938770125686228	0.0602298667701836	0.0295647584720372	0.000572226985076428	0.14467071	0.14303309	0.14660069	0.75533996	0.71957613	0.79306115	0.75375522	0.71753863	0.78968776	0.9690032	0.9598026	0.9776121	1.0211564	1.0118563	1.0287555
15	0	neg	0.97961083	0.96535541	0.99130553	0.97964613	0.96292668	0.99433022	0.998998163	0.938770132	0.060229868	1.84e-06	-3.67e-06	0.97935596	0.96578122	0.99334801	0.98014415	0.96313354	0.99269092	0.97969871	0.96401135	0.99232497	0.9896474	0.9793967	0.9978205	0.9906245	0.9803376	0.9988655
15	0	pos	0.98900375	0.97211529	1.00904002	0.98902196	0.96896476	1.01575508	0.99903271	0.938770132	0.060229868	1.84e-06	3.09e-05	0.9869844	0.96476405	1.00606211	0.99165997	0.97519507	1.01177678	0.9888012	0.97133759	1.01238058	0.9941811	0.9793912	1.0100989	0.9959015	0.9834109	1.0071219
15	0	zero	1.00557136	0.98976352	1.02273433	1.00867811	0.99198896	1.02740436	0.999032882772935	0.938770521982483	0.0602298664570634	3.18773461830007e-05	6.1698720508029e-07	1.01079133	0.9944282	1.02988228	1.00460344	0.98654891	1.02481034	1.00888528	0.99392818	1.02332471	1.0015719	0.9912775	1.0111805	0.9978854	0.9875167	1.0076043
15	0.9	neg	0.11095636	0.10829626	0.11354243	0.13164955	0.12899732	0.13377543	0.971114996	0.938770132	0.060229868	0.02790397	-0.055788973	0.15477388	0.15120503	0.15803264	0.13102572	0.12752219	0.13382397	0.13083909	0.12773135	0.13361839	0.9672234	0.9550004	0.9788303	0.9677491	0.9579114	0.9782342
15	0.9	pos	5.55427158	5.38583745	5.69264961	0.12943766	0.12801078	0.13077744	1.495577721	0.938770132	0.060229868	0.02790397	0.468673751	0.15285409	0.15104862	0.154444	6.0553056	5.87878311	6.20183766	6.05139983	5.90001526	6.17887288	0.9618897	0.9568033	0.9695354	1.4942066	1.4737412	1.5093222
15	0.9	zero	0.66858324	0.64106589	0.70075515	0.13237104	0.13003172	0.13470798	1.02754862794284	0.938769629831376	0.0602298671698117	0.028007053395487	0.000542077546161321	0.15564014	0.15358937	0.15829249	0.74052265	0.711841	0.78432436	0.74078482	0.70458275	0.77705521	0.9704413	0.960145	0.9791723	1.0197917	1.0109618	1.0288224
16	0	neg	0.99058125	0.97764231	1.0045377	0.98963341	0.97534195	1.00348152	0.998999082	0.938770132	0.060229868	9.19e-07	-1.84e-06	0.99032676	0.97361946	1.00486251	0.98998372	0.97582268	1.00706823	0.99179076	0.97796945	1.00737905	0.994011	0.9861116	1.0025193	0.9952607	0.9877024	1.0043351
16	0	pos	1.00236195	0.98933017	1.01858496	1.0012448	0.98705703	1.0192067	0.999016355	0.938770132	0.060229868	9.19e-07	1.54e-05	1.00128111	0.98540965	1.01804648	1.00267026	0.98695107	1.01579124	1.00173093	0.9854588	1.01745015	0.9998998	0.9902234	1.0082425	1.0014497	0.9925872	1.0094469
16	0	zero	0.99266507	0.98018441	1.00831568	0.99668352	0.98456365	1.00696793	0.999031392842517	0.938769958089124	0.0602298644773967	3.09708343603308e-05	5.99441635488942e-07	0.99612642	0.98380382	1.00978607	0.99211184	0.98108236	1.00502202	0.99576423	0.98377191	1.0087302	0.9964419	0.9901265	1.0029094	0.9922275	0.9860326	0.9986943
16	0.9	neg	0.12197401	0.12070249	0.12310125	0.14323554	0.14158751	0.14543091	0.972509247	0.938770132	0.060229868	0.026508771	-0.052999524	0.16704322	0.16514153	0.16891554	0.14276146	0.14062809	0.14427396	0.14253864	0.14081315	0.14375535	0.9725609	0.9648204	0.9792106	0.9726902	0.9645086	0.9810955
16	0.9	pos	5.50509295	5.39158727	5.59894052	0.13976153	0.13745882	0.14222667	1.470748835	0.938770132	0.060229868	0.026508771	0.445240064	0.16329593	0.16076859	0.1658372	5.99970148	5.87110051	6.14967127	5.98828749	5.83920201	6.1382366	0.9593047	0.9502021	0.971877	1.4677394	1.452216	1.4848294
16	0.9	zero	0.715125	0.65644121	0.77505507	0.14331582	0.1402965	0.14610002	1.02616161550563	0.938769713884945	0.0602298666425485	0.0266462949613946	0.000515740016737751	0.16738525	0.16436012	0.17090339	0.78465898	0.7295306	0.84882476	0.78907663	0.73413945	0.84554624	0.9708704	0.9613825	0.9814223	1.0216685	1.0063996	1.0354146
17	0	neg	0.9968937	0.98219338	1.01209486	0.99460303	0.98054948	1.00939444	0.998999541	0.938770132	0.060229868	4.6e-07	-9.19e-07	0.99560217	0.98208382	1.00998118	0.99618489	0.98181643	1.0109147	0.99608909	0.98194245	1.00826622	0.9991949	0.992807	1.0049183	0.9988867	0.9911994	1.0060661
17	0	pos	0.99070174	0.97581677	1.00589127	0.98960391	0.9727743	1.0047894	0.999008178	0.938770132	0.060229868	4.6e-07	7.72e-06	0.98945996	0.96798506	1.00926793	0.99090374	0.97320284	1.01255788	0.99084276	0.97371176	1.01085628	0.9920515	0.9787829	1.0011905	0.9937197	0.9830868	1.0042002
17	0	zero	0.98389939	0.96779769	1.00093448	0.98839286	0.97288467	1.00403797	0.999030905053836	0.938769915552306	0.0602298658338088	3.05327060747293e-05	5.90961646444433e-07	0.98730256	0.97334381	1.0037696	0.98294942	0.96868735	0.99510713	0.98853634	0.97387951	1.00197799	0.9905406	0.9809272	0.9997544	0.9867596	0.9770095	0.9950302
17	0.9	neg	0.13370902	0.13137972	0.13670567	0.15563794	0.15293063	0.1583368	0.973833784	0.938770132	0.060229868	0.025183333	-0.050349548	0.18019396	0.17737671	0.18368377	0.1547489	0.15232614	0.15774103	0.15470009	0.15204671	0.15736907	0.9725727	0.9634588	0.9811197	0.9739166	0.9654792	0.9844948
17	0.9	pos	5.51590099	5.39381471	5.65077882	0.15109742	0.14813006	0.15390258	1.447161393	0.938770132	0.060229868	0.025183333	0.422978061	0.1752106	0.17072842	0.17932605	5.96824315	5.85647095	6.09785568	5.9557951	5.82964827	6.08655911	0.9594822	0.9465835	0.9718465	1.4479534	1.4334678	1.4643525
17	0.9	zero	0.69861927	0.64250674	0.75255277	0.15406442	0.15207042	0.15596133	1.02478507784912	0.938769976756361	0.0602298660121129	0.0252956370964457	0.000489597984200584	0.17815881	0.17602241	0.18055461	0.76669674	0.72510778	0.80733638	0.77076552	0.72847986	0.81172151	0.9671016	0.9600574	0.9754016	1.012525	1.0050576	1.0205844
18	0	neg	0.99100102	0.97248502	1.00809998	0.98954731	0.97180853	1.00529759	0.99899977	0.938770132	0.060229868	2.3e-07	-4.59e-07	0.99038169	0.97698628	1.00257619	0.99127459	0.97648797	1.00821194	0.99077996	0.9787699	1.00505353	0.9934979	0.9831888	1.004489	0.9935096	0.9820085	1.0029995
18	0	pos	1.00126435	0.98166319	1.02259834	0.99842302	0.97336584	1.02159545	0.999004089	0.938770132	0.060229868	2.3e-07	3.86e-06	0.99837393	0.97485116	1.02357757	0.99986782	0.98111319	1.02205481	1.00000767	0.98045519	1.02343614	0.9991925	0.9871776	1.0121262	1.0002241	0.9885236	1.0100033
18	0	zero	0.99313541	0.97165806	1.01842533	0.99747114	0.97284949	1.01922695	0.999031577968618	0.938770881964333	0.0602298666368737	3.0243993801519e-05	5.8537360980243e-07	0.99934304	0.98282634	1.01781049	0.99296238	0.97498088	1.01663726	0.99782276	0.97770689	1.01478866	0.9976897	0.9868388	1.0091747	0.9945008	0.9846453	1.0055577
18	0.9	neg	0.14479807	0.14194027	0.14785629	0.16607687	0.16371536	0.1683781	0.975092095	0.938770132	0.060229868	0.023924166	-0.047832071	0.19053388	0.18780401	0.19357209	0.16633129	0.1633547	0.1700681	0.16647374	0.16330766	0.17027365	0.967978	0.9618015	0.9766557	0.9675102	0.9600126	0.9761019
18	0.9	pos	5.50168833	5.38787232	5.63549272	0.16834525	0.16505322	0.17173888	1.424753323	0.938770132	0.060229868	0.023924166	0.401829158	0.1933992	0.19065109	0.19658088	5.91753139	5.78206631	6.06060863	5.91542839	5.80024416	6.04314167	0.9778392	0.9719208	0.9867956	1.4454043	1.4334972	1.4573488
18	0.9	zero	0.69354917	0.65862531	0.73708543	0.1693921	0.16616109	0.17281001	1.02352462745145	0.938770339696407	0.0602298662495795	0.0240587632597575	0.000465658245705598	0.19415195	0.19126142	0.19761607	0.75275763	0.70999162	0.78790348	0.75288466	0.72039919	0.79829766	0.9789897	0.9690829	0.9926797	1.0199151	1.0092666	1.0314801
19	0	neg	0.9846344	0.96674952	1.00397123	0.98285796	0.96866022	0.99875825	0.998999885	0.938770132	0.060229868	1.15e-07	-2.3e-07	0.98255163	0.96242182	0.99868122	0.98347273	0.96741922	0.9961345	0.98264325	0.967258	0.99701305	0.9912348	0.9802745	1.0011356	0.991783	0.9827127	1.0014947
19	0	pos	0.99336155	0.97521627	1.01186947	0.99029229	0.97367778	1.009632	0.999002044	0.938770132	0.060229868	1.15e-07	1.93e-06	0.99190612	0.97212977	1.01217154	0.99257852	0.97553185	1.01304579	0.9934107	0.9772878	1.01631309	0.9916763	0.9790606	1.0020724	0.9927271	0.9800599	1.0052639
19	0	zero	0.9874573	0.97190614	1.00487601	0.99135371	0.97800981	1.01127026	0.999030595616318	0.938769972472077	0.0602298662990797	3.0172848570199e-05	5.83996591239626e-07	0.99005233	0.97931909	1.0032627	0.98668226	0.97466044	1.00792458	0.992463	0.97445238	1.00860175	0.9930532	0.9829579	1.0038229	0.9893048	0.9813725	1.0002065
19	0.9	neg	0.16000474	0.1580786	0.16229151	0.18177925	0.17861896	0.18521634	0.97628749	0.938770132	0.060229868	0.022727958	-0.045440467	0.20673831	0.20269662	0.20996066	0.18268079	0.18005979	0.18505189	0.18234009	0.18023622	0.18500044	0.9762309	0.9677723	0.9839449	0.976345	0.9689958	0.9830769
19	0.9	pos	5.36542332	5.26538708	5.47780718	0.18082413	0.17843194	0.1834924	1.403465657	0.938770132	0.060229868	0.022727958	0.3817377	0.20608067	0.20341143	0.20834882	5.76520607	5.64375821	5.8763139	5.75853783	5.60940819	5.89421448	0.9745826	0.9636397	0.9855297	1.4170115	1.405131	1.4277076
19	0.9	zero	0.70809999	0.67202878	0.74813167	0.18258971	0.17906525	0.18546928	1.02235722088893	0.93877051137378	0.0602298664759468	0.0229133542273438	0.000443488811853557	0.20786839	0.20469207	0.21071551	0.77097792	0.73636297	0.81618478	0.77397365	0.73632992	0.82117993	0.979103	0.971888	0.9878491	1.0192149	1.0112103	1.0283632
2	0	neg	0.31294673	0.30887895	0.31838051	0.33527216	0.33093087	0.33964377	0.983952767	0.938770132	0.060229868	0.015057467	-0.0301047	0.36196827	0.35779807	0.36703389	0.33729281	0.33297833	0.34247627	0.33724111	0.33268608	0.34220141	0.9829557	0.9770759	0.9885156	0.9829496	0.9760196	0.9907297
2	0	pos	4.58150359	4.50611881	4.66270198	0.32017772	0.31204093	0.32760473	1.266961969	0.938770132	0.060229868	0.015057467	0.252904502	0.34618291	0.33866205	0.35286429	4.76560777	4.66832471	4.85619492	4.76524974	4.69184658	4.85809234	0.9743636	0.9603383	0.9895384	1.2650089	1.2487913	1.2806835
2	0	zero	0.78317001	0.76516527	0.8029864	0.32636171	0.32242336	0.33049366	1.01436084910621	0.938770052445375	0.0602298669730962	0.015069263538991	0.000291666148749185	0.35283636	0.34792031	0.35718109	0.82434206	0.79939376	0.84353239	0.82609221	0.80449443	0.84637217	0.9825338	0.9742992	0.9904983	1.0097713	1.0027168	1.0199016
2	0.9	neg	0.03167842	0.03049971	0.03320898	0.04301092	0.0424959	0.04352432	0.94467949	0.938770132	0.060229868	0.054357456	-0.108677965	0.05921835	0.0584588	0.05981104	0.04369179	0.04208751	0.04517918	0.04358654	0.04219025	0.04545735	0.94119	0.9345179	0.9503372	0.9418382	0.9351198	0.949569
2	0.9	pos	5.98170223	5.92742613	6.03776502	0.04253876	0.04169844	0.04330631	1.966342708	0.938770132	0.060229868	0.054357456	0.912985252	0.05877992	0.05768883	0.05986994	7.15140416	7.0647285	7.2160413	7.14461112	7.07566756	7.22804597	0.9332392	0.9204897	0.9449756	1.9666921	1.9548995	1.9805561
2	0.9	zero	0.67079041	0.64300781	0.69633678	0.04330217	0.04235173	0.04432237	1.05455363982738	0.938769951356678	0.0602298677407083	0.0544989907639644	0.00105482996602416	0.05966172	0.0585967	0.06087406	0.80459937	0.77183026	0.83683356	0.80542307	0.77982528	0.83556983	0.9450102	0.9320828	0.9557506	1.0479981	1.0367357	1.0598931
20	0	neg	0.9893284	0.97072851	1.00935231	0.987594	0.96615838	1.01024074	0.998999943	0.938770132	0.060229868	5.74e-08	-1.15e-07	0.98947571	0.97146929	1.00819553	0.99080379	0.9717608	1.00540165	0.98668123	0.96964061	1.00650317	0.9937283	0.983866	1.0064715	0.9940438	0.9833113	1.0050795
20	0	pos	0.99969161	0.98532037	1.01719168	0.99879301	0.98184888	1.01494713	0.999001022	0.938770132	0.060229868	5.74e-08	9.65e-07	0.99828304	0.98122325	1.01747675	0.99777729	0.97733853	1.01600049	1.0016388	0.98097109	1.01976595	0.9977553	0.9899918	1.0055429	0.9990761	0.989268	1.0076841
20	0	zero	0.98390849	0.97589256	0.99242075	0.98728272	0.97877682	0.99614847	0.999030217430105	0.93876967818258	0.0602298646833264	3.00921299199709e-05	5.82434278802569e-07	0.98754264	0.97922683	0.99548887	0.98390677	0.97471972	0.99397595	0.98702888	0.97894689	0.99479331	0.9909775	0.9846554	0.9977548	0.9870803	0.9796868	0.9960332
20	0.9	neg	0.17270456	0.16904752	0.17656101	0.19606794	0.1931011	0.19988852	0.977423116	0.938770132	0.060229868	0.02159156	-0.043168444	0.22148306	0.21781199	0.22646044	0.19611258	0.19231676	0.19957723	0.19528254	0.19182879	0.19992478	0.9764426	0.9669238	0.9886844	0.9773842	0.9672564	0.9876475
20	0.9	pos	5.24044863	5.17697182	5.30579263	0.19422403	0.19152864	0.19697452	1.383242374	0.938770132	0.060229868	0.02159156	0.362650815	0.21987308	0.21684591	0.22303216	5.58934654	5.5163159	5.65646487	5.58756889	5.51580289	5.65410319	0.9750798	0.9668638	0.9835451	1.3898441	1.3812855	1.3994417
20	0.9	zero	0.74015687	0.68700881	0.79450325	0.19336732	0.19060451	0.19641288	1.02116591162032	0.938769939217874	0.0602298672473876	0.0217452255172485	0.000420879637806311	0.2183836	0.21555849	0.2218511	0.79739024	0.7556835	0.84963504	0.79604343	0.73493795	0.8510795	0.9704475	0.9652845	0.9758484	1.0111763	1.0065304	1.0158719
3	0	neg	0.64319923	0.6291321	0.65584548	0.65208844	0.63638661	0.66822265	0.991476384	0.938770132	0.060229868	0.007528733	-0.01505235	0.67118791	0.65833431	0.68264366	0.66222148	0.64715548	0.67602481	0.65924181	0.64188134	0.67501272	0.9965366	0.9852815	1.0080698	0.9957613	0.9793079	1.0076165
3	0	pos	2.92390281	2.81414105	3.02267931	0.64215435	0.63237094	0.65016647	1.132980984	0.938770132	0.060229868	0.007528733	0.126452251	0.66172595	0.65289685	0.67160097	2.95517695	2.86496021	3.04432676	2.94654223	2.87064297	3.03207063	0.9881794	0.9804267	0.9957781	1.1361822	1.1257126	1.149223
3	0	zero	0.89544051	0.86186013	0.93233295	0.64650226	0.63344156	0.65617933	1.00670383550032	0.938769692259512	0.0602298644958786	0.00755799350334022	0.000146285241590394	0.66637912	0.65570006	0.67533295	0.91712216	0.88452498	0.9503843	0.917345	0.88694408	0.95853556	0.9965974	0.9878916	1.0062497	1.0093046	1.0007739	1.0210406
3	0.9	neg	0.03456987	0.03387803	0.03545796	0.04721571	0.04668801	0.04795244	0.947395516	0.938770132	0.060229868	0.051639583	-0.103244067	0.06411809	0.06337794	0.06503916	0.04675156	0.04596751	0.04785966	0.04682199	0.04595448	0.04786601	0.9409295	0.9349732	0.9501974	0.9407119	0.9348173	0.9489336
3	0.9	pos	5.96640807	5.88228983	6.06156879	0.04619828	0.04563402	0.04681418	1.917975573	0.938770132	0.060229868	0.051639583	0.86733599	0.0626006	0.06178888	0.06364668	7.05537744	6.96755297	7.15988849	7.06060589	6.98589542	7.131625	0.9271722	0.9196952	0.9352145	1.9099111	1.8948845	1.9260702
3	0.9	zero	0.6869848	0.66796575	0.71047392	0.04746681	0.04687306	0.04796355	1.051714601411	0.938770138233059	0.0602298675053224	0.0517136755841054	0.00100092008851355	0.06437744	0.06366171	0.06526597	0.81728233	0.79762682	0.83656282	0.81786222	0.78887308	0.84009957	0.9461417	0.9372516	0.9547245	1.0445112	1.0365897	1.0526658
4	0	neg	0.86738246	0.85114393	0.88256139	0.86867988	0.85244543	0.88447963	0.995238192	0.938770132	0.060229868	0.003764367	-0.007526175	0.87741925	0.862327	0.89397882	0.87474908	0.85993276	0.8873154	0.87603256	0.85920793	0.89058447	0.9956627	0.9850859	1.0062539	0.9951481	0.9843995	1.0060788
4	0	pos	1.74241439	1.68565564	1.79829038	0.87790886	0.86376485	0.89044131	1.065990492	0.938770132	0.060229868	0.003764367	0.063226125	0.88770223	0.87411381	0.90442168	1.74891966	1.6753515	1.81014521	1.75158924	1.68842831	1.81615297	0.9970661	0.9880026	1.0076455	1.0762515	1.0647284	1.0878783
4	0	zero	0.96383302	0.9411818	0.98937285	0.87435701	0.85960899	0.88892933	1.00286807598542	0.938770431196469	0.0602298651255824	0.00379434007204268	7.34395913240162e-05	0.88348518	0.86831563	0.89916728	0.97300919	0.95055548	0.9943623	0.9790172	0.95529483	1.00073414	0.9990784	0.9893906	1.0085203	1.0037657	0.9924134	1.0127495
4	0.9	neg	0.03825002	0.03719696	0.03911977	0.05196122	0.05079228	0.05311118	0.94997574	0.938770132	0.060229868	0.049057604	-0.098081864	0.06943986	0.06828421	0.07063046	0.05110285	0.04963286	0.05230081	0.05101351	0.04982763	0.05233999	0.9525441	0.9413978	0.9604858	0.9526514	0.9406754	0.9642488
4	0.9	pos	5.9219976	5.8625883	5.97493323	0.05111669	0.04996827	0.0521426	1.872026794	0.938770132	0.060229868	0.049057604	0.82396919	0.06835755	0.06685712	0.06973701	6.95011186	6.89071741	7.01441971	6.95068811	6.88098524	7.02209055	0.94104	0.9288205	0.9499064	1.8691168	1.8573636	1.8801726
4	0.9	zero	0.67977603	0.66255634	0.69797457	0.05129859	0.05057594	0.05203122	1.04912798248045	0.938770119055789	0.060229867501812	0.0491761889806534	0.000951806942193123	0.06870575	0.06742131	0.0700742	0.80240677	0.78044887	0.81978444	0.80163718	0.78042296	0.82467004	0.9459131	0.9375261	0.9553316	1.0397361	1.0322309	1.0499301
5	0	neg	0.95742405	0.93972574	0.97451333	0.95528246	0.93839149	0.96959593	0.997119096	0.938770132	0.060229868	0.001882183	-0.003763087	0.95905749	0.94026531	0.97795107	0.96207219	0.94519958	0.97998164	0.96231526	0.94228041	0.97960734	0.9948954	0.9841897	1.0058503	0.9971753	0.9857413	1.0084649
5	0	pos	1.19032344	1.17523803	1.20972218	0.9402304	0.92435185	0.95840277	1.032495246	0.938770132	0.060229868	0.001882183	0.031613063	0.94385752	0.92835921	0.95989757	1.19398117	1.1721791	1.21515323	1.19398525	1.16712468	1.21282102	0.9838807	0.9756636	0.9918906	1.0218268	1.0122027	1.0301415
5	0	zero	0.98554201	0.96616203	1.00067136	0.96206527	0.94271845	0.97775049	1.00094887615044	0.938769579134017	0.0602298652924297	0.00191241682614546	3.70148978443267e-05	0.96475453	0.94725955	0.98113904	0.98914831	0.96955937	1.00474772	0.99322184	0.97090022	1.0077693	0.9975756	0.9873054	1.0082854	0.9960663	0.9823313	1.0071912
5	0.9	neg	0.0418983	0.04097916	0.04278447	0.05657601	0.05553557	0.05791674	0.952426953	0.938770132	0.060229868	0.046604724	-0.093177771	0.07463344	0.07308843	0.07594117	0.05530342	0.05412715	0.0564841	0.05534878	0.05430593	0.05643424	0.9538045	0.9409158	0.9643618	0.952677	0.9434117	0.9627539
5	0.9	pos	5.83775851	5.71980084	5.9252843	0.05586826	0.05472628	0.05745544	1.828375454	0.938770132	0.060229868	0.046604724	0.782770731	0.07386528	0.07187665	0.07572392	6.8068603	6.68504596	6.92644844	6.7954287	6.67453097	6.91836272	0.9466643	0.9318828	0.9625747	1.820476	1.7962829	1.8451631
5	0.9	zero	0.68816168	0.65264073	0.71412076	0.05650835	0.05530906	0.0574129	1.0465531943751	0.938769924936928	0.0602298670757909	0.0466504805986019	0.000902921763780096	0.07450441	0.07311949	0.07566818	0.81121487	0.76607815	0.86336249	0.81004136	0.777096	0.84408477	0.9496263	0.9364884	0.9626429	1.0388083	1.0260006	1.0527368
6	0	neg	0.9904994	0.970759	1.00811356	0.99132289	0.97505785	1.00765132	0.998059548	0.938770132	0.060229868	0.000941092	-0.001881544	0.99632159	0.97774541	1.01838596	0.99563562	0.97702348	1.01495255	0.99352531	0.9731567	1.01176414	0.9999479	0.9898822	1.0113017	1.0028247	0.9920339	1.0135191
6	0	pos	1.09303835	1.07716712	1.11141171	1.00399212	0.98493308	1.02367283	1.015747623	0.938770132	0.060229868	0.000941092	0.015806531	1.00463857	0.98660468	1.02583793	1.09438572	1.07656609	1.11058471	1.09763737	1.08168493	1.11323383	1.0060441	0.9949805	1.0164121	1.0284751	1.0178951	1.0416558
6	0	zero	0.98909072	0.96932978	1.00871399	0.98475147	0.96147746	1.00417869	0.999991057928834	0.938770401614509	0.0602298653930586	0.000971978246636893	1.88126746294564e-05	0.98528946	0.96209375	1.00905282	0.9899191	0.96652013	1.01169085	0.99525986	0.97137804	1.01536787	0.9944924	0.9794817	1.0096904	0.9912625	0.977137	1.0052242
6	0.9	neg	0.0464839	0.04552964	0.04753736	0.06132403	0.06030503	0.06243218	0.954755605	0.938770132	0.060229868	0.044274487	-0.088518882	0.07998335	0.07862371	0.0816199	0.06060724	0.05925989	0.06215038	0.06062111	0.05948959	0.06201783	0.9516457	0.9426883	0.9633491	0.9527826	0.9439241	0.9648113
6	0.9	pos	5.8706371	5.81531991	5.93312025	0.05985711	0.0587463	0.0608115	1.786906682	0.938770132	0.060229868	0.044274487	0.743632194	0.07807808	0.07658974	0.07943505	6.79226222	6.72081149	6.86008406	6.78712135	6.72130977	6.84792189	0.9402535	0.9296806	0.9490036	1.7769713	1.7605296	1.7918118
6	0.9	zero	0.67845366	0.65174601	0.70820079	0.06187908	0.06059792	0.06320768	1.04422660286435	0.938770006746348	0.0602298667941997	0.0443679853395218	0.00085874398428665	0.08055737	0.07860571	0.08241866	0.79022466	0.76256587	0.82206999	0.79236566	0.76656729	0.81848819	0.9591224	0.9505811	0.9686887	1.0423113	1.0317951	1.0548081
7	0	neg	0.98768415	0.96836241	1.00860063	0.98741606	0.97236177	1.00638274	0.998529774	0.938770132	0.060229868	0.000470546	-0.000940772	0.98798767	0.97482037	1.00232315	0.98734656	0.96905461	1.00796872	0.98804099	0.97288473	1.00291736	0.9966979	0.9869226	1.0066773	0.9973249	0.9864268	1.008087
7	0	pos	1.02273628	1.00916271	1.03393096	0.98964952	0.97507716	1.00724287	1.007373812	0.938770132	0.060229868	0.000470546	0.007903266	0.98963228	0.97492179	1.00848839	1.02412146	1.00969452	1.04387761	1.02339105	1.0089655	1.0430937	0.9923801	0.9826052	1.0016954	1.0057448	0.996454	1.0162619
7	0	zero	0.9714595	0.95941831	0.98199756	0.97128188	0.95527087	0.98408981	0.999511402560179	0.938769953090793	0.0602298647027599	0.000501871034340788	9.71373228533697e-06	0.97187174	0.95416528	0.98365105	0.97113389	0.95534114	0.98406744	0.97513175	0.96075515	0.98775397	0.9818359	0.9773048	0.9870788	0.9795484	0.9741148	0.9843503
7	0.9	neg	0.05241167	0.05065985	0.05457878	0.06773241	0.06663374	0.06890469	0.956967825	0.938770132	0.060229868	0.042060763	-0.084092938	0.08706978	0.08586215	0.08846643	0.06727166	0.06556469	0.06952736	0.06738862	0.06542631	0.07051544	0.9597379	0.9512475	0.9699891	0.9587036	0.9510334	0.9695618
7	0.9	pos	5.84878872	5.76507799	5.97081928	0.06548072	0.06378427	0.06703311	1.747511347	0.938770132	0.060229868	0.042060763	0.706450584	0.08416748	0.08210101	0.08645093	6.70670309	6.58145244	6.83061442	6.72655032	6.59999809	6.90655156	0.9409425	0.9262147	0.9558799	1.7361714	1.7049591	1.7717616
7	0.9	zero	0.66531293	0.64973385	0.67867799	0.06760174	0.06676832	0.06838212	1.04208000993567	0.938770251766581	0.0602298668607376	0.0422619104802456	0.000817980828104983	0.08694327	0.08579297	0.08813496	0.77172908	0.75611587	0.78719868	0.77081232	0.7555142	0.78758621	0.959269	0.9531676	0.9654523	1.035561	1.0297071	1.042132
8	0	neg	1.00108928	0.98941748	1.01579578	1.00143189	0.99023462	1.01520852	0.998764887	0.938770132	0.060229868	0.000235273	-0.000470386	1.00232695	0.99179275	1.01463451	1.00266121	0.98826992	1.01421288	1.00219715	0.98706793	1.01719049	1.0018658	0.9952236	1.0091973	1.001926	0.9943534	1.0096174
8	0	pos	1.02884541	1.00912399	1.04730177	1.01231422	0.99627689	1.02882954	1.003186906	0.938770132	0.060229868	0.000235273	0.003951633	1.01587768	0.9983505	1.03204598	1.02800453	1.0105351	1.04448952	1.02813011	1.01150109	1.04571506	1.0062276	0.9978683	1.0151315	1.0145967	1.0053238	1.0240297
8	0	zero	0.99706371	0.98169342	1.01258355	0.99904579	0.98086163	1.01383489	0.999270442854431	0.938769751933466	0.0602298658773752	0.000265682744324945	5.14229926538002e-06	1.00008485	0.98823364	1.01240045	0.99618748	0.97922232	1.01264119	1.00204997	0.98654563	1.01633314	0.9992321	0.99188	1.006905	0.9967192	0.9895278	1.005413
8	0.9	neg	0.05818518	0.05702779	0.05953089	0.07348209	0.07285976	0.07421897	0.959069434	0.938770132	0.060229868	0.039957725	-0.079888291	0.09318971	0.0920906	0.09427498	0.0738218	0.0721525	0.0754168	0.07371132	0.07233247	0.07528296	0.959265	0.9521664	0.9674267	0.9597707	0.9526639	0.967304
8	0.9	pos	5.82519004	5.77357975	5.87705276	0.07327072	0.07077836	0.07565177	1.71008578	0.938770132	0.060229868	0.039957725	0.671128055	0.09308131	0.08913923	0.09580953	6.64160313	6.57890841	6.71632794	6.63581438	6.57509935	6.69569956	0.95983	0.9401222	0.9744485	1.7189588	1.6953921	1.740008
8	0.9	zero	0.65738379	0.63740678	0.67682853	0.07208962	0.07050458	0.07406453	1.03999980030741	0.938769957375077	0.0602298672235281	0.0402214873453475	0.000778488363457683	0.09139335	0.08952436	0.0930566	0.75420595	0.73429045	0.77531231	0.75673352	0.73374206	0.77504192	0.9513892	0.9367312	0.9619684	1.02392	1.0115349	1.0340024
9	0	neg	0.99808287	0.98154472	1.01919565	0.99767638	0.97612639	1.01685467	0.998882443	0.938770132	0.060229868	0.000117636	-0.000235193	0.99815796	0.97819943	1.01567768	1.00050408	0.97974196	1.02054744	0.99890045	0.98285052	1.01497608	1.0003551	0.9924652	1.0090879	1.0007576	0.9910835	1.008749
9	0	pos	0.99839932	0.98144279	1.02066734	0.9924343	0.96953742	1.01834865	1.001093453	0.938770132	0.060229868	0.000117636	0.001975816	0.99360008	0.97687546	1.01871615	0.99928785	0.98158229	1.01720899	0.99814419	0.97763192	1.01715613	0.9926816	0.9812619	1.0068144	0.9959241	0.9864242	1.0069065
9	0	zero	1.00504716	0.98752875	1.02494347	1.00656196	0.98494605	1.02670455	0.999150443865243	0.938770179545796	0.0602298660071675	0.000147542619465284	2.85569281368395e-06	1.01034264	0.99302576	1.02845929	1.00479064	0.98713903	1.02209404	1.01037889	0.99136341	1.03302975	1.0034994	0.9947014	1.0140903	0.9991552	0.9918731	1.0092998
9	0.9	neg	0.06409736	0.06280335	0.0655479	0.0798155	0.07876214	0.08112709	0.961065962	0.938770132	0.060229868	0.037959839	-0.075893876	0.09991228	0.09821327	0.101372	0.08031352	0.07851142	0.08202458	0.08022435	0.07864198	0.08224028	0.9582153	0.9489601	0.9683551	0.9594009	0.9500353	0.9698928
9	0.9	pos	5.78022229	5.70688764	5.87071474	0.07854336	0.07778221	0.07946195	1.674531491	0.938770132	0.060229868	0.037959839	0.637571652	0.09851832	0.09734329	0.09971375	6.5447883	6.4463022	6.6589104	6.54107403	6.41675823	6.64132079	0.9494773	0.9455433	0.9538429	1.6681995	1.6553409	1.6797841
9	0.9	zero	0.68480742	0.65267862	0.71112873	0.08039001	0.07871116	0.08271687	1.03789708762851	0.938770163326722	0.0602298663637952	0.038158498793655	0.00073855914434031	0.10065503	0.09876001	0.10344924	0.78136996	0.74712019	0.81022387	0.78225088	0.74914937	0.81719798	0.9655233	0.9521318	0.9765416	1.0364641	1.0242434	1.0475686
