t	P	cov	vg_HEreg_noa.mean	vg_HEreg_noa.CI95l	vg_HEreg_noa.CI95r	vg_HEreg_adj.mean	vg_HEreg_adj.CI95l	vg_HEreg_adj.CI95r	exp.vg	va.term1	va.term2	va.term3	va.term4	vg_GRMvarX_ganc.mean	vg_GRMvarX_ganc.CI95l	vg_GRMvarX_ganc.CI95r	vg_GRMvarX_noa.mean	vg_GRMvarX_noa.CI95l	vg_GRMvarX_noa.CI95r	vg_GRMvarX_gcta.mean	vg_GRMvarX_gcta.CI95l	vg_GRMvarX_gcta.CI95r	vg_GRMld_ganc.mean	vg_GRMld_ganc.CI95l	vg_GRMld_ganc.CI95r	vg_GRMld_noa.mean	vg_GRMld_noa.CI95l	vg_GRMld_noa.CI95r
0	0	neg	0.33498175	0.3297085	0.34136056	0.79383851	0.78005644	0.80527302	0.929269789	0.929264401	0.007927055	0.007927055	-0.015848721	0.83093873	0.8166613	0.84375639	0.37478884	0.36886206	0.38075129	0.37514416	0.36794167	0.38187819	0.9248472	0.9140976	0.9378096	0.9248076	0.9142413	0.934132
0	0	pos	2.66713975	2.64447323	2.69864606	0.79303062	0.77776719	0.81274684	1.078260945	0.929264401	0.007927055	0.007927055	0.133142434	0.82921357	0.81000801	0.85339994	2.79621966	2.76923159	2.82682546	2.7780129	2.7388534	2.81064659	0.9242347	0.912083	0.937509	1.0797111	1.0680275	1.0891489
0	0	zero	0.6124688	0.59040031	0.64177744	0.7906397	0.77367959	0.81457169	0.945289149492924	0.929265142386037	0.00793521040912172	0.00793521040912172	0.000153586288643403	0.82775615	0.8104216	0.84848806	0.66186092	0.63650604	0.68417848	0.64614403	0.62427616	0.67379808	0.9228062	0.9125241	0.9354496	0.9488296	0.9371745	0.9686627
0	0.9	neg	0.33421951	0.32617056	0.34049149	0.79432505	0.78046096	0.8093939	0.929269789	0.929264401	0.007927055	0.007927055	-0.015848721	0.83109172	0.81555405	0.84792837	0.37455268	0.36948556	0.38161618	0.37483894	0.36773881	0.38172197	0.9254929	0.9162295	0.9360651	0.9243401	0.9142623	0.9346478
0	0.9	pos	2.66539601	2.63809693	2.68974555	0.79448866	0.77115849	0.81298823	1.078260945	0.929264401	0.007927055	0.007927055	0.133142434	0.82949446	0.80699134	0.85011104	2.79539318	2.76616425	2.82410053	2.77767178	2.74520344	2.80595125	0.9235756	0.9097041	0.9375948	1.082123	1.0653079	1.0956982
0	0.9	zero	0.61218547	0.58895538	0.63554113	0.79204137	0.77563115	0.80951376	0.945289149492924	0.929265142386037	0.00793521040912172	0.00793521040912172	0.000153586288643403	0.82545097	0.80991139	0.8458372	0.66120545	0.64089401	0.69191869	0.6486056	0.62650879	0.6750556	0.9242988	0.9144629	0.9353679	0.9478808	0.9360816	0.9624303
1	0	neg	0.24909866	0.24610647	0.2519344	0.62308711	0.61710343	0.6306033	0.933771818	0.929935674	0.015053234	0.011224719	-0.022441808	0.67365755	0.66647105	0.68023088	0.28410899	0.28115778	0.28724976	0.28411101	0.28032261	0.28752993	0.9360693	0.9272586	0.9429803	0.9356119	0.9291056	0.9417332
1	0	pos	3.25521057	3.17418465	3.32809498	0.62115694	0.61142094	0.62873717	1.144743467	0.929935674	0.015053234	0.011224719	0.188529841	0.67079113	0.66175471	0.68108169	3.45075205	3.38216465	3.52936384	3.44459337	3.35039459	3.52030272	0.9323927	0.9228751	0.9447326	1.1551872	1.144674	1.1687844
1	0	zero	0.57847104	0.53944932	0.62523579	0.61302704	0.60521507	0.61917145	0.956465827297692	0.929936757023994	0.0150643082742354	0.0112470744605773	0.000217687538884966	0.66179784	0.65341429	0.66722598	0.62972496	0.58447816	0.67839544	0.61904379	0.56789933	0.66118168	0.9230668	0.9169488	0.9305165	0.9578682	0.9515666	0.9632282
1	0.9	neg	0.16427973	0.16048393	0.16855968	0.55590581	0.54559285	0.56574898	0.930328497	0.929935674	0.015053234	0.014670382	-0.029330793	0.61818768	0.60786758	0.62703644	0.1964839	0.19233185	0.20127265	0.19685526	0.19316035	0.20226496	0.9248071	0.9141575	0.9341978	0.9247149	0.9152605	0.9346497
1	0.9	pos	3.64158455	3.58626229	3.68972968	0.55275456	0.54081912	0.56540894	1.206062332	0.929935674	0.015053234	0.014670382	0.246403043	0.61572108	0.60114018	0.63162457	3.97913117	3.91326048	4.02884293	3.96023553	3.89695182	4.02411378	0.9249698	0.9139842	0.9382258	1.2194852	1.2106646	1.2288436
1	0.9	zero	0.52984833	0.49675583	0.56364759	0.55203123	0.54142808	0.56608823	0.959980115727045	0.929936982560937	0.0150665963938944	0.0146921692963682	0.000284367475846113	0.61462743	0.59992069	0.62928813	0.59469515	0.55505642	0.62859986	0.58074986	0.54521036	0.61185831	0.9277321	0.9171795	0.9402765	0.9710327	0.9582118	0.9815482
10	0	neg	0.580371	0.57200814	0.5894803	0.61560946	0.60543057	0.62371564	0.97899085	0.935036274	0.052159941	0.008210946	-0.016416311	0.63760973	0.62836972	0.64651968	0.60171789	0.5927867	0.61183312	0.60154704	0.59050582	0.61215613	0.9943373	0.9841804	1.0042919	0.9935799	0.9850597	1.0051751
10	0	pos	3.12958536	3.06147125	3.18789332	0.59112029	0.57875651	0.60390113	1.133317823	0.935036274	0.052159941	0.008210946	0.137910662	0.61106053	0.59953308	0.62621541	3.17360006	3.10827971	3.24115306	3.16734441	3.10648746	3.2438229	0.965842	0.9550296	0.9761708	1.1306752	1.1217273	1.1419787
10	0	zero	0.86355267	0.83302147	0.89195154	0.59644205	0.58409092	0.61136454	0.995611140979439	0.935038875970672	0.0521710910258017	0.00824165642052598	0.000159517562438872	0.61660798	0.60000832	0.63176679	0.88950879	0.85952681	0.91830889	0.8819897	0.85637378	0.90526443	0.9769415	0.9640645	0.9901507	0.9943935	0.9815562	1.0053209
10	0.9	neg	0.05045272	0.04927885	0.05173056	0.08774007	0.08632855	0.08931383	0.947048986	0.935036274	0.052159941	0.040174535	-0.080321765	0.1128307	0.11115499	0.11451303	0.06566554	0.06452732	0.06696096	0.0656363	0.06419883	0.06704795	0.9449969	0.9398996	0.9502254	0.9454321	0.9402509	0.9520279
10	0.9	pos	5.56150468	5.46442421	5.64582957	0.0842647	0.08283759	0.08612722	1.702140343	0.935036274	0.052159941	0.040174535	0.674769593	0.10872286	0.1060289	0.1114095	6.40923298	6.31146714	6.49848439	6.40836787	6.30285138	6.5037643	0.9241729	0.9128776	0.9344908	1.6948366	1.681027	1.7105307
10	0.9	zero	0.64544031	0.62956349	0.66079051	0.09060961	0.08881524	0.09253447	1.02811662902914	0.935021097722824	0.0520894895149324	0.0402274382479829	0.000778603543396553	0.1165299	0.11433511	0.11925417	0.75061425	0.7242263	0.76977829	0.74589938	0.71535576	0.76503453	0.9564158	0.9487991	0.9672517	1.0457773	1.0354307	1.0592288
11	0	neg	0.60319037	0.58990442	0.61792223	0.62738794	0.61379051	0.64273352	0.981933701	0.935510935	0.054081283	0.007663727	-0.015322246	0.64544163	0.6269583	0.65961361	0.62104806	0.60604317	0.6372931	0.62201662	0.60427722	0.63308786	0.9795966	0.9661915	0.9921237	0.9795965	0.9667687	0.9941162
11	0	pos	2.85203985	2.78162775	2.93336041	0.63185042	0.62469356	0.63755127	1.125975547	0.935510935	0.054081283	0.007663727	0.128719601	0.65101343	0.64406542	0.65610156	2.88053214	2.80820907	2.96283854	2.88630753	2.81376359	2.95769437	0.9773939	0.9713923	0.9820008	1.1227044	1.1185031	1.127794
11	0	zero	0.87020324	0.83911403	0.90198375	0.62191184	0.61521837	0.63075627	0.997441417848694	0.935511533669291	0.054083413534592	0.0076974855299268	0.000148985114883502	0.64129752	0.63274653	0.64719525	0.88951515	0.85810709	0.92954471	0.88996725	0.85602851	0.92743907	0.9714634	0.9660002	0.9778193	0.9852403	0.9809242	0.9900139
11	0.9	neg	0.0509071	0.04986839	0.05197402	0.08318112	0.08210709	0.08419979	0.949055947	0.935510935	0.054081283	0.040563843	-0.081100115	0.10701248	0.10565789	0.10822391	0.06580232	0.06480435	0.06694738	0.06577348	0.06478865	0.06700926	0.9421911	0.9350505	0.9479107	0.9432622	0.9378458	0.9490576
11	0.9	pos	5.66688711	5.58098287	5.76275884	0.08368835	0.08240389	0.08490628	1.711464444	0.935510935	0.054081283	0.040563843	0.681308383	0.10774906	0.10659962	0.10902744	6.52386172	6.42518174	6.63425775	6.51206253	6.41479072	6.63159018	0.9508261	0.9435405	0.9593803	1.7299243	1.7131318	1.7408189
11	0.9	zero	0.65393362	0.62063764	0.68647278	0.08529074	0.08208041	0.08741058	1.03084571571862	0.935497228037511	0.0540236515206255	0.040540179498705	0.000784656661780017	0.10936798	0.1068334	0.11234171	0.75600774	0.72613283	0.7841493	0.75681238	0.72405851	0.79040187	0.9475744	0.9264175	0.9640808	1.0373763	1.0241211	1.0479139
12	0	neg	0.63241837	0.62268468	0.6456042	0.65173117	0.64044865	0.66598574	0.984512029	0.935969428	0.055689527	0.007151787	-0.014298714	0.67024873	0.65984455	0.68244962	0.64982586	0.63922145	0.66328651	0.64988419	0.64077009	0.6609606	0.9736755	0.9630771	0.9863527	0.974468	0.9639371	0.9862307
12	0	pos	2.81441479	2.70860632	2.93052408	0.67045004	0.65933368	0.68331764	1.118931823	0.935969428	0.055689527	0.007151787	0.12012108	0.68966953	0.67603101	0.69951957	2.85025418	2.71308307	2.93304054	2.84757031	2.72693354	2.95748706	0.9877349	0.9789249	0.9954949	1.129545	1.115661	1.1381949
12	0	zero	0.87289076	0.84682621	0.89208595	0.65750051	0.64529326	0.6699342	0.998988723074371	0.935969986008774	0.0556911710182447	0.00718843365027825	0.000139132397073739	0.67653288	0.66706398	0.68666382	0.89209781	0.85894761	0.91539105	0.88960156	0.86500454	0.9121436	0.9838323	0.9721178	0.9945664	0.9950838	0.9824165	1.007844
12	0.9	neg	0.05119855	0.05046381	0.05204068	0.08074686	0.07991644	0.08157085	0.951013165	0.935969428	0.055689527	0.040673436	-0.081319226	0.1037792	0.10275679	0.10478839	0.06616582	0.06515516	0.06722168	0.06619494	0.06526457	0.06703113	0.9479864	0.9397655	0.9569106	0.9472899	0.9399805	0.9537482
12	0.9	pos	5.72285339	5.64869814	5.8107862	0.0794458	0.0782753	0.0809082	1.715481494	0.935969428	0.055689527	0.040673436	0.683149103	0.10209086	0.10018312	0.10430738	6.59037121	6.49886229	6.69734511	6.57716909	6.47221779	6.67209377	0.9382557	0.9231095	0.950578	1.7182398	1.6916661	1.7426564
12	0.9	zero	0.65426517	0.63035032	0.67896374	0.08203691	0.08097245	0.08341385	1.0330231913044	0.935955522470532	0.0556374363499237	0.0406435746060696	0.000786657877877042	0.10508655	0.10352935	0.10716099	0.75342775	0.73187273	0.77222425	0.75197325	0.72738972	0.7764964	0.9478874	0.9368393	0.9599034	1.0332734	1.0223151	1.0464816
13	0	neg	0.67791057	0.66388936	0.69251708	0.69227122	0.68185356	0.70309446	0.986755291	0.936412303	0.057011922	0.00667347	-0.013342404	0.70936886	0.69741313	0.72263826	0.6951887	0.68472177	0.70698168	0.69500319	0.68327643	0.70607365	0.9897183	0.9823247	0.9998743	0.9894477	0.9831596	0.9973983
13	0	pos	2.62787997	2.56221386	2.69464553	0.6871576	0.67482425	0.69779063	1.112184984	0.936412303	0.057011922	0.00667347	0.112087288	0.70295472	0.68776086	0.7134367	2.6582933	2.57839022	2.72735951	2.65464	2.59616842	2.73682954	0.9748542	0.9608411	0.9878883	1.1060872	1.0936843	1.1223881
13	0	zero	0.91155823	0.88769589	0.93699786	0.69209227	0.67807153	0.70329718	1.00025137177401	0.936411015797974	0.0570082453517143	0.00670238570310452	0.000129724921221133	0.71042537	0.6965968	0.7215403	0.92841584	0.90865139	0.95521204	0.92923477	0.90557608	0.94990898	0.9891063	0.9815794	0.9966338	1.0014113	0.9925435	1.0082733
13	0.9	neg	0.05216444	0.05105141	0.05357133	0.07872783	0.07736894	0.08007314	0.952908845	0.936412303	0.057011922	0.040542936	-0.081058316	0.10085222	0.09936219	0.10262099	0.06713404	0.06576582	0.06850842	0.06705975	0.06545299	0.06841885	0.9512499	0.9455037	0.9576671	0.9516752	0.9440066	0.9590741
13	0.9	pos	5.76218054	5.68065063	5.85266462	0.07873343	0.07736704	0.08027518	1.714924402	0.936412303	0.057011922	0.040542936	0.68095724	0.10061016	0.09878632	0.10242353	6.60783769	6.51509355	6.72877533	6.61974592	6.52330751	6.73820614	0.9510604	0.9416032	0.9604586	1.7274496	1.7140812	1.7433736
13	0.9	zero	0.67441728	0.65657443	0.69203423	0.07991622	0.07855909	0.08106832	1.03468361681428	0.936400381797448	0.0569712512782247	0.0405275711126041	0.000784412626004381	0.10196817	0.10032223	0.10353829	0.77870104	0.75644634	0.79812674	0.77672494	0.75635236	0.79609929	0.9472823	0.9388396	0.9580599	1.0325821	1.0246126	1.0411849
14	0	neg	0.70901337	0.69369326	0.72372671	0.71882683	0.70284292	0.73522298	0.988691137	0.936840092	0.058073679	0.006226866	-0.012449499	0.73514963	0.71370223	0.75187178	0.72390011	0.70735536	0.74134465	0.72276379	0.70256376	0.73954739	0.9864858	0.9687716	1.0015431	0.9852361	0.9698611	0.9973941
14	0	pos	2.46124112	2.39157489	2.5213248	0.73501033	0.72815898	0.74047932	1.105726776	0.936840092	0.058073679	0.006226866	0.10458614	0.75055729	0.74410286	0.75683549	2.48146875	2.41036439	2.54901825	2.48615663	2.40964357	2.54359683	0.9955904	0.9901191	1.0016575	1.1139616	1.1050363	1.1233201
14	0	zero	0.91170498	0.89773523	0.92337048	0.71398332	0.69493257	0.73214987	1.00128501256176	0.936838883145133	0.0580708243364153	0.00625425376902099	0.00012105131119318	0.72868723	0.71013053	0.74518443	0.9278659	0.91468859	0.94112169	0.92833359	0.91668032	0.93977528	0.9808013	0.9668692	0.9962814	0.9909217	0.9796129	1.0033493
14	0.9	neg	0.05417174	0.05331728	0.05509737	0.07809904	0.07688309	0.07949202	0.954733507	0.936840092	0.058073679	0.040207592	-0.080387856	0.09962324	0.09789657	0.10140892	0.06922886	0.06829935	0.07033312	0.06923013	0.06810608	0.07058557	0.9558374	0.9460268	0.9678428	0.9558515	0.9470214	0.968629
14	0.9	pos	5.85958623	5.75841788	5.96720806	0.07829274	0.0764319	0.0798577	1.710446181	0.936840092	0.058073679	0.040207592	0.675324818	0.09978466	0.09766704	0.10206683	6.70151757	6.58393154	6.82463131	6.70237842	6.58509772	6.84286907	0.9494772	0.936385	0.9606494	1.7217934	1.7024324	1.742236
14	0.9	zero	0.66748169	0.62294689	0.71898483	0.07934952	0.07808726	0.08061279	1.03581652988611	0.936830367518954	0.05804263878363	0.0401661071066243	0.000777416476905071	0.10095113	0.09862664	0.10249073	0.77438448	0.72816055	0.82489333	0.76990545	0.72989744	0.81692179	0.9470102	0.9383972	0.9560155	1.0287412	1.0200236	1.0367595
15	0	neg	0.72730031	0.716881	0.7364604	0.73569975	0.72087002	0.74602603	0.990345356	0.937253308	0.058898113	0.005810015	-0.011616081	0.74998519	0.73767042	0.76190116	0.74067044	0.72895131	0.74935543	0.7402879	0.72805487	0.75009177	0.9827015	0.9720152	0.9890681	0.9837844	0.9751373	0.9930516
15	0	pos	2.36842284	2.35018108	2.39176338	0.75132796	0.74149205	0.76152402	1.099546172	0.937253308	0.058898113	0.005810015	0.097584735	0.76574996	0.75465485	0.77484341	2.38660121	2.36783998	2.40431936	2.38548158	2.36658015	2.40380391	0.9882426	0.9818956	0.9963402	1.1041105	1.0978246	1.1104209
15	0	zero	0.8933976	0.8761826	0.91644367	0.72146247	0.71163472	0.73319529	1.00209746357712	0.937249478605992	0.058891212090232	0.00584366846336383	0.000113104417536156	0.73586218	0.72385822	0.74836705	0.90879905	0.89161777	0.9331236	0.91128637	0.891213	0.93457902	0.9730761	0.9642552	0.9819181	0.9801828	0.9721535	0.9885902
15	0.9	neg	0.05594928	0.05449705	0.05751423	0.07790511	0.07639581	0.07953602	0.956479692	0.937253308	0.058898113	0.039698713	-0.079370442	0.09903882	0.09664849	0.10136402	0.07133187	0.06956396	0.07288819	0.07125094	0.06921847	0.07325547	0.954519	0.9445639	0.9646316	0.9539622	0.9420275	0.9672673
15	0.9	pos	5.84359771	5.77035652	5.92834547	0.07643107	0.07427174	0.07833989	1.70262783	0.937253308	0.058898113	0.039698713	0.666777696	0.0968761	0.0942861	0.09949833	6.66341843	6.56401633	6.78864355	6.64930486	6.56856406	6.77500133	0.9391912	0.9228042	0.9557153	1.7034513	1.676435	1.7246397
15	0.9	zero	0.66503623	0.64036435	0.69398158	0.07954678	0.07803937	0.0810663	1.03666912097611	0.93724422954223	0.0588718596514692	0.0397830297812016	0.000770002001214863	0.10061025	0.09878434	0.10216872	0.76414679	0.73546391	0.7975659	0.76249003	0.73467481	0.79101545	0.9530974	0.9448374	0.9614166	1.030038	1.0222483	1.0364803
16	0	neg	0.75525584	0.74524648	0.76556374	0.7618852	0.75031432	0.77320887	0.991741909	0.937652449	0.05950678	0.005421005	-0.010838326	0.77405004	0.76285653	0.78799324	0.76889024	0.75769849	0.78254772	0.76723282	0.75451899	0.78043946	0.9874397	0.9786494	0.9961339	0.9884262	0.9798996	0.9983978
16	0	pos	2.19679027	2.15218062	2.25066749	0.76776679	0.753912	0.78537125	1.093631179	0.937652449	0.05950678	0.005421005	0.091050944	0.78146588	0.76400594	0.79949366	2.21117197	2.15012523	2.26241922	2.21501899	2.16404865	2.26465915	0.9845663	0.9699097	0.9975734	1.0896576	1.0776627	1.1044121
16	0	zero	0.93686379	0.90171076	0.96866594	0.77417862	0.76386684	0.78953659	1.0027378611655	0.937650237147133	0.0595037813678641	0.00547781925776384	0.000106023392737286	0.78643236	0.77581265	0.79955562	0.94793288	0.91617246	0.97712775	0.95369709	0.93084221	0.98393195	0.99385	0.9861369	0.9990892	1.0010659	0.9920246	1.0082543
16	0.9	neg	0.05793813	0.05579877	0.05983855	0.07903498	0.07714498	0.08066568	0.958141707	0.937652449	0.05950678	0.03904406	-0.078061582	0.09994636	0.09768767	0.10208876	0.07356721	0.07179081	0.07538392	0.07352426	0.07161408	0.07531612	0.9608245	0.9476253	0.9724301	0.9602099	0.9471397	0.973811
16	0.9	pos	5.78989047	5.69402382	5.90491295	0.07832021	0.07684563	0.07979486	1.691985474	0.937652449	0.05950678	0.03904406	0.655782184	0.09875381	0.09725615	0.10011659	6.58669289	6.50599896	6.72186756	6.58804542	6.47527624	6.73093175	0.9504671	0.9378667	0.9631734	1.6930864	1.6802603	1.7045438
16	0.9	zero	0.68810101	0.66224789	0.72051472	0.08175938	0.07990342	0.08354077	1.03709273422601	0.937641333691259	0.0594807999830272	0.0392116574823149	0.000758943069403958	0.10315443	0.10079542	0.10596027	0.78987257	0.7545262	0.83049919	0.78803326	0.75015247	0.83066916	0.9671119	0.9583253	0.9753687	1.0441917	1.0330746	1.0557163
17	0	neg	0.78213281	0.77281655	0.79210346	0.78678106	0.77715457	0.79769184	0.99290302	0.938037994	0.059919598	0.00505801	-0.010112582	0.79887165	0.78432052	0.80988262	0.79261602	0.78102867	0.80499611	0.79227268	0.78227248	0.80270516	0.9906195	0.982024	0.9995852	0.9917924	0.9827904	1.0008279
17	0	pos	2.08416721	2.02045275	2.14823123	0.78591532	0.77674629	0.79684021	1.087969701	0.938037994	0.059919598	0.00505801	0.084954099	0.79884333	0.78844222	0.80986388	2.0944039	2.03244813	2.16243256	2.09242574	2.04352707	2.14191194	0.9841074	0.9777475	0.9930213	1.0821381	1.0712279	1.092574
17	0	zero	0.93307455	0.91106003	0.95443885	0.78812729	0.77434313	0.80021646	1.00315198749001	0.938038609517662	0.0599199488951284	0.00509481867482004	9.86104024005735e-05	0.79882165	0.7879071	0.80945401	0.94576276	0.91978409	0.97170318	0.94848055	0.92392468	0.97160758	0.9877514	0.9763792	0.9998742	0.9936458	0.9807741	1.0032391
17	0.9	neg	0.05818401	0.05658387	0.05954426	0.07748111	0.07558834	0.07921459	0.959715393	0.938037994	0.059919598	0.03826821	-0.076510409	0.09739578	0.09545786	0.09951772	0.07348488	0.07194023	0.07527423	0.07340921	0.07169036	0.07526886	0.9405937	0.9281981	0.948971	0.94181	0.9328371	0.9512389
17	0.9	pos	5.76807276	5.70174719	5.81718574	0.08099115	0.07997949	0.08230033	1.678976837	0.938037994	0.059919598	0.03826821	0.642751035	0.10179023	0.09996583	0.10368292	6.54916639	6.48583594	6.6129736	6.54242204	6.48305849	6.60016695	0.9632312	0.9563751	0.970805	1.6895317	1.6809465	1.6976603
17	0.9	zero	0.68607683	0.66592963	0.70258195	0.08075657	0.07934858	0.08271151	1.03711373274731	0.938027497513467	0.0598980789851105	0.0384440698658127	0.000744086382920675	0.10140759	0.09934751	0.10360791	0.78189049	0.76092163	0.8041439	0.78274745	0.76453708	0.80227221	0.955077	0.9477568	0.9627623	1.0273135	1.0193429	1.036817
18	0	neg	0.79940119	0.78715765	0.80978374	0.80246786	0.79203603	0.81552584	0.993849272	0.938410406	0.060154965	0.004719307	-0.009435405	0.81334736	0.80393896	0.82545501	0.81101643	0.79801423	0.82317497	0.81008175	0.79817417	0.82387316	0.989655	0.9800509	0.9997014	0.9892627	0.9782546	0.9999437
18	0	pos	1.99732584	1.93565208	2.05523659	0.80060024	0.78818702	0.81827638	1.082549927	0.938410406	0.060154965	0.004719307	0.079265249	0.80935851	0.79546773	0.82345373	2.00959191	1.94813089	2.06310292	1.99911962	1.94897341	2.064181	0.9783489	0.9695186	0.9883731	1.0723718	1.0632297	1.0829465
18	0	zero	0.9342759	0.90901999	0.96497316	0.81048576	0.7879481	0.83105965	1.00339867202541	0.938410551557646	0.0601548697647092	0.00474147919916673	9.17715038838542e-05	0.82442521	0.80220141	0.84354053	0.94494362	0.92278868	0.97385454	0.94444134	0.92295738	0.96791399	0.9912482	0.975795	1.0038024	0.9963321	0.9805128	1.0118014
18	0.9	neg	0.06553022	0.06365713	0.06794592	0.08367098	0.08252286	0.08521526	0.961197917	0.938410406	0.060154965	0.03739287	-0.074760324	0.10483627	0.10329218	0.10711177	0.08221861	0.08002843	0.08462573	0.08217401	0.08004774	0.08427577	0.9720509	0.962321	0.9831914	0.9726099	0.9634564	0.9844959
18	0.9	pos	5.80483667	5.7151116	5.86771186	0.08167803	0.08019424	0.0828629	1.664007111	0.938410406	0.060154965	0.03739287	0.62804887	0.10224884	0.10043545	0.10400967	6.5731599	6.47572105	6.65072869	6.57316812	6.47721672	6.64108354	0.9600732	0.9482004	0.973808	1.6746354	1.6550883	1.6911497
18	0.9	zero	0.65990217	0.63706331	0.68954864	0.0823829	0.0816072	0.08346453	1.03679112631996	0.938400500117716	0.0601376874120979	0.0375266098789382	0.000726328911209415	0.1028913	0.10176161	0.10409087	0.75513224	0.72470106	0.78782863	0.75340727	0.71747074	0.7889659	0.9555524	0.9496017	0.9630534	1.0220318	1.0129012	1.0300077
19	0	neg	0.82307137	0.80730678	0.83950878	0.8293231	0.81116404	0.84790524	0.994599716	0.938770132	0.060229868	0.004403277	-0.00880356	0.83918329	0.82377988	0.85702841	0.83436686	0.81939717	0.85680604	0.83487738	0.81815946	0.85166144	0.9925074	0.9818769	1.0032953	0.9926969	0.9834545	1.0033583
19	0	pos	1.85832028	1.81259424	1.90639247	0.84501381	0.83346506	0.85871629	1.0773605	0.938770132	0.060229868	0.004403277	0.073957224	0.85596819	0.84338708	0.86919747	1.86479846	1.82459858	1.90736337	1.86274304	1.82744299	1.9144523	0.9958199	0.9877799	1.0071232	1.0791377	1.0712078	1.086555
19	0	zero	0.94420098	0.92259535	0.97182815	0.83589841	0.81098623	0.85686329	1.00350420511098	0.938766996730928	0.0602296776251199	0.00442194386908517	8.55868858450866e-05	0.84560253	0.82536135	0.86091764	0.95579218	0.93298733	0.9863332	0.96169999	0.93636557	0.99170714	0.9975442	0.9847778	1.010069	1.0004616	0.9868169	1.0119598
19	0.9	neg	0.06732188	0.06602758	0.06886725	0.08498022	0.08374683	0.0861454	0.962587589	0.938770132	0.060229868	0.036437177	-0.072849587	0.1058	0.10424429	0.10744205	0.08403991	0.08264108	0.08556589	0.08388124	0.08249421	0.08600726	0.9666062	0.9599456	0.9734041	0.9666059	0.9596209	0.9755136
19	0.9	pos	5.81948	5.7556911	5.90157418	0.08446034	0.08284252	0.08663513	1.647434267	0.938770132	0.060229868	0.036437177	0.611997091	0.10514984	0.10280994	0.10741197	6.56149136	6.49652523	6.64429841	6.55859467	6.48199074	6.63815227	0.9616443	0.9459661	0.9787243	1.6572477	1.6432319	1.6711893
19	0.9	zero	0.67663368	0.64639122	0.71242634	0.08506564	0.08387305	0.08658481	1.03619787681708	0.938761935767628	0.0602157836040174	0.0365134385033779	0.000706718942058104	0.1057601	0.10389497	0.10796248	0.76859262	0.73973052	0.80455479	0.76379576	0.73328695	0.80857454	0.9569815	0.9446666	0.9655568	1.0219166	1.0146533	1.0305551
2	0	neg	0.24729482	0.24330986	0.25146406	0.51804487	0.51195396	0.52571074	0.939711739	0.93058408	0.021441367	0.012322084	-0.024635792	0.56396472	0.55744233	0.57068762	0.27871833	0.27479754	0.28309434	0.27899293	0.2755181	0.28268145	0.9401591	0.9319286	0.9458138	0.9398943	0.9309632	0.9474676
2	0	pos	3.61332726	3.52092277	3.70463627	0.5074347	0.49784644	0.51818931	1.171308664	0.93058408	0.021441367	0.012322084	0.206961133	0.552768	0.54197766	0.56411001	3.81969331	3.73393189	3.92235869	3.81078196	3.72227199	3.90150085	0.9280033	0.9176022	0.940388	1.1777241	1.1643548	1.1882911
2	0	zero	0.63653882	0.6023544	0.67027121	0.51022874	0.49696058	0.52134284	0.9646419363347	0.930586738680718	0.0214665348490958	0.0123496351631448	0.000239027641740557	0.55656709	0.54484431	0.5706805	0.68803808	0.64721318	0.72645743	0.67737177	0.63710102	0.72006894	0.9341698	0.9213474	0.9489544	0.9736725	0.9591522	0.9870214
2	0.9	neg	0.10990043	0.10861214	0.11155537	0.3777883	0.3707	0.38401075	0.931676264	0.93058408	0.021441367	0.020363024	-0.040712208	0.44303885	0.43696955	0.45334561	0.13651242	0.1347821	0.13838079	0.1362831	0.13474813	0.13858309	0.9347383	0.9269414	0.9441729	0.9341295	0.9262878	0.9426673
2	0.9	pos	4.16024791	4.09171367	4.23830989	0.36419681	0.35531263	0.3726724	1.314404861	0.93058408	0.021441367	0.020363024	0.342016389	0.42732755	0.41661475	0.43796939	4.64302217	4.56285711	4.73186085	4.62664986	4.56191331	4.69976888	0.9189596	0.9065196	0.9354296	1.3256073	1.3068781	1.3434091
2	0.9	zero	0.55128344	0.52072618	0.58464579	0.36669758	0.35918905	0.3735529	0.972804398628552	0.93058445862566	0.0214448712351511	0.0203806014782828	0.000394467289458576	0.4308577	0.42214198	0.44132059	0.62330816	0.59520036	0.65905029	0.61706804	0.58318992	0.6555473	0.9275135	0.91791	0.9384414	0.9891445	0.9786118	0.9999066
20	0	neg	0.84382487	0.83229035	0.85533406	0.84443136	0.82871549	0.85961192	0.995171972	0.939117605	0.060159981	0.004108406	-0.00821402	0.85441214	0.84095629	0.86703986	0.85275987	0.83864898	0.86895669	0.85300389	0.84087595	0.86797455	0.9872611	0.9779352	0.9971526	0.9880925	0.9801492	0.9962308
20	0	pos	1.79138578	1.74074099	1.84364866	0.83525906	0.82671786	0.84544296	1.072390585	0.939117605	0.060159981	0.004108406	0.069004593	0.84388603	0.83622985	0.85150731	1.79774492	1.74992887	1.84388371	1.79522988	1.72933423	1.84238277	0.9796229	0.9733129	0.9861412	1.0604598	1.0520478	1.0691801
20	0	zero	0.93966425	0.91883493	0.95806203	0.83591801	0.82259223	0.85449942	1.00349007454054	0.939117242647495	0.0601599703746985	0.00413286967414726	7.99918441947659e-05	0.84867569	0.83318396	0.86395839	0.9495268	0.9304484	0.9715078	0.95163091	0.93379876	0.97613076	0.985528	0.9743201	0.9951642	0.9893496	0.9758809	0.9990296
20	0.9	neg	0.07051502	0.06864705	0.07312035	0.08617827	0.08421022	0.08851308	0.963883702	0.939117605	0.060159981	0.035417957	-0.07081184	0.10636564	0.10405243	0.10925621	0.08725264	0.08480962	0.09008543	0.08674988	0.0848326	0.08965208	0.9610572	0.9474129	0.971975	0.95915	0.9473732	0.9714904
20	0.9	pos	5.76124896	5.60885309	5.8947507	0.08647358	0.085604	0.08753853	1.629573863	0.939117605	0.060159981	0.035417957	0.594878321	0.10716284	0.10610025	0.10819156	6.49401848	6.34246039	6.62160303	6.49279504	6.38281407	6.60671689	0.9601589	0.9533106	0.9670048	1.6367634	1.6242709	1.6501248
20	0.9	zero	0.68632576	0.65656331	0.70810572	0.0887802	0.08777989	0.08968444	1.03547263953668	0.93910835938896	0.0601487478054507	0.035527888751812	0.000687643590452754	0.10966368	0.10866346	0.11040692	0.77385386	0.7450452	0.79742999	0.77484031	0.7428887	0.8008022	0.9661374	0.9592515	0.9717725	1.0294424	1.0243497	1.0342475
3	0	neg	0.27556035	0.26961447	0.28219901	0.47434521	0.46551818	0.48539955	0.945978642	0.9312104	0.027149765	0.012389943	-0.024771465	0.51655684	0.50674296	0.52849877	0.30540712	0.29979823	0.31368653	0.30531792	0.29913437	0.31253827	0.9525682	0.9432295	0.9620928	0.9531173	0.9438626	0.9632399
3	0	pos	3.8744397	3.80522748	3.95199729	0.46454359	0.44861503	0.47868094	1.178851007	0.9312104	0.027149765	0.012389943	0.2081009	0.5062123	0.48996161	0.51817939	4.06912326	4.00539192	4.14864231	4.06058218	3.99308949	4.1366897	0.9406767	0.9283502	0.9527453	1.1987088	1.1845269	1.2112192
3	0	zero	0.63883453	0.60803156	0.67015772	0.46790816	0.45814942	0.47934623	0.971065215065649	0.931215446113978	0.0271938719125998	0.0124155927851364	0.000240304253934455	0.50945593	0.49874074	0.51893335	0.68482384	0.64983494	0.73041946	0.67624418	0.63947781	0.71509667	0.9443583	0.9324115	0.9557665	0.9788568	0.9694328	0.990804
3	0.9	neg	0.08309959	0.08209458	0.08436357	0.26383931	0.26023187	0.2673564	0.933252557	0.9312104	0.027149765	0.025124685	-0.050232292	0.32043586	0.31640058	0.32466643	0.1051851	0.10376365	0.10641939	0.10503968	0.10389741	0.10647232	0.9225192	0.9131273	0.9305141	0.9236831	0.9159881	0.930485
3	0.9	pos	4.50981269	4.43498512	4.57366084	0.25461505	0.25039847	0.25880637	1.405477863	0.9312104	0.027149765	0.025124685	0.421993014	0.31096901	0.30591911	0.31606849	5.09803487	5.02775636	5.15737996	5.08633449	5.02143623	5.15807443	0.9302704	0.9232592	0.9381693	1.4288318	1.4198659	1.4384553
3	0.9	zero	0.55930238	0.53682289	0.58473935	0.25876083	0.25261551	0.26514231	0.9839782957676	0.93120920197429	0.0271390246725392	0.025143417355247	0.000486651765524129	0.31638626	0.30821381	0.32293361	0.6409899	0.61200003	0.66859515	0.63347288	0.61022532	0.65846644	0.932447	0.9194611	0.9449914	1.0034433	0.9942173	1.0142797
4	0	neg	0.30687832	0.30226082	0.31181327	0.45345055	0.44556878	0.46092786	0.952064531	0.931815384	0.032232528	0.011991532	-0.023974914	0.4891066	0.48188568	0.49678383	0.33529894	0.33050732	0.34073126	0.33523224	0.32991664	0.34080294	0.9491356	0.9398225	0.9572285	0.9499208	0.9409791	0.9578019
4	0	pos	3.71554462	3.65439633	3.76976537	0.44745412	0.44208841	0.45439292	1.177448651	0.931815384	0.032232528	0.011991532	0.201409206	0.48209021	0.4771551	0.48889391	3.87213359	3.80022324	3.93411766	3.86573392	3.79985002	3.92751704	0.9414475	0.9343805	0.9497062	1.1785791	1.171651	1.1849042
4	0	zero	0.70619694	0.68356637	0.72910246	0.45566815	0.44647633	0.46478902	0.976364426439506	0.931822435084341	0.0322892015150815	0.012020139597114	0.000232650242969511	0.49105905	0.48312687	0.50045504	0.74808484	0.72026656	0.77333078	0.7405227	0.70875555	0.76285372	0.9520438	0.9401489	0.9660581	0.9848511	0.9738676	0.9940505
4	0.9	neg	0.06948021	0.06870191	0.07035228	0.19863748	0.19654753	0.20148327	0.935004679	0.931815384	0.032232528	0.029062987	-0.058106221	0.24701341	0.24401822	0.24998182	0.08922874	0.08823374	0.09031711	0.08917186	0.08827922	0.09038682	0.9331729	0.9258111	0.9418642	0.9338852	0.9271998	0.9404434
4	0.9	pos	4.7427613	4.69163222	4.81366757	0.19324009	0.19012663	0.19649361	1.48125146	0.931815384	0.032232528	0.029062987	0.488140561	0.24094326	0.23761854	0.24489477	5.41247318	5.35044334	5.49910578	5.40334497	5.34163589	5.47397335	0.9314742	0.9223254	0.941521	1.5009027	1.4914255	1.5101475
4	0.9	zero	0.59584612	0.57045058	0.62191277	0.1968719	0.19185328	0.20239944	0.99364026387273	0.931812061201049	0.0322052454538841	0.0290604903605227	0.000562466857274434	0.24505119	0.23879552	0.25167997	0.68684474	0.6614179	0.71548785	0.68217558	0.6561804	0.70756403	0.9389659	0.9252034	0.9525447	1.019809	1.0044646	1.0347719
5	0	neg	0.34503232	0.34068755	0.35025317	0.45667229	0.45092364	0.46178375	0.957750549	0.932399761	0.036739844	0.011396802	-0.022785858	0.48813534	0.48293483	0.49347344	0.37193378	0.36721805	0.37649946	0.37210953	0.36717732	0.37712275	0.9536791	0.9477728	0.9605839	0.9545222	0.9486955	0.9601208
5	0	pos	3.7390058	3.63474498	3.82863335	0.46768221	0.45791948	0.47726917	1.17195656	0.932399761	0.036739844	0.011396802	0.191420153	0.50101651	0.48994544	0.5114078	3.87435268	3.78956438	3.98153886	3.86464461	3.7668406	3.98574273	0.9611829	0.951463	0.9722014	1.1869625	1.1761654	1.1967049
5	0	zero	0.72642358	0.70750008	0.7553833	0.45524707	0.44789673	0.46354439	0.980863478040336	0.932407729359383	0.0367985078504403	0.0114358985936044	0.000221342236908424	0.48565418	0.47684281	0.49537545	0.76708756	0.74256657	0.79846352	0.75896633	0.73429336	0.78862368	0.9518502	0.9422495	0.9620674	0.9814544	0.9702845	0.9916345
5	0.9	neg	0.06265387	0.06187027	0.06339596	0.15912805	0.1571706	0.16115849	0.936886922	0.932399761	0.036739844	0.03227462	-0.064527303	0.20092367	0.19788004	0.20332363	0.08095658	0.07992918	0.08216267	0.08099609	0.07976318	0.08194008	0.9372612	0.9287629	0.9451797	0.9371694	0.9321646	0.9435759
5	0.9	pos	4.93733554	4.89585612	4.99282498	0.15334516	0.14967862	0.15710419	1.543497209	0.932399761	0.036739844	0.03227462	0.542082984	0.19461678	0.18923235	0.19893615	5.66258468	5.59113659	5.72681826	5.65486561	5.59727972	5.72425649	0.930458	0.9213197	0.942553	1.5569257	1.5427296	1.5698153
5	0.9	zero	0.56800173	0.55003471	0.59282281	0.15743156	0.15440202	0.15968591	1.00199593078654	0.932394309962318	0.0366986762239663	0.0322781988765868	0.000624745723673551	0.19869639	0.19520854	0.2013064	0.65778635	0.63412058	0.68035434	0.65100695	0.63006203	0.67375538	0.9350257	0.9284534	0.9430277	1.0165349	1.0082589	1.0244559
6	0	neg	0.38194666	0.37521603	0.38836139	0.46909693	0.46105965	0.47562179	0.962955585	0.932964232	0.040718256	0.010734198	-0.021461101	0.49664043	0.48502914	0.50639642	0.40811069	0.40005948	0.41716334	0.40715032	0.3984065	0.41472427	0.9488533	0.9401595	0.9585194	0.9497137	0.940799	0.9586957
6	0	pos	3.61443782	3.54464846	3.69887033	0.47688389	0.47017846	0.48263414	1.164707774	0.932964232	0.040718256	0.010734198	0.180291088	0.50603386	0.49763894	0.51259255	3.71850927	3.6546899	3.7842999	3.71005991	3.6358433	3.785502	0.9607747	0.951301	0.9701775	1.170907	1.1615865	1.1789978
6	0	zero	0.76037316	0.73489535	0.79451802	0.47609426	0.46553236	0.48854556	0.984666569157506	0.932968373293285	0.0407460183117443	0.0107442227273397	0.000207954825136497	0.50523608	0.49526764	0.51836852	0.79201491	0.7562894	0.82002623	0.78546456	0.74938271	0.82313112	0.9597912	0.9493368	0.96975	0.9859357	0.9749191	0.9990406
6	0.9	neg	0.05737934	0.05620263	0.05863122	0.13246481	0.13025854	0.13538676	0.9388598	0.932964232	0.040718256	0.034846372	-0.069669059	0.1687518	0.16630227	0.17234503	0.07440023	0.07296082	0.07611299	0.07438125	0.07278457	0.07661023	0.937467	0.9292817	0.9466169	0.938275	0.9285111	0.9511352
6	0.9	pos	5.21085985	5.15174674	5.27360767	0.12878873	0.12572423	0.13156055	1.593806873	0.932964232	0.040718256	0.034846372	0.585278013	0.16482438	0.16120683	0.16757099	5.99235979	5.93503624	6.06518837	5.98447179	5.9156844	6.05723218	0.9349377	0.9264479	0.9445011	1.6209236	1.6088349	1.636847
6	0.9	zero	0.63538587	0.59740772	0.67146136	0.13125002	0.12923582	0.13314435	1.00910665361014	0.932956227756616	0.0406630270158477	0.0348135807056683	0.0006738181320088	0.16737207	0.16340553	0.17027669	0.73795246	0.68960559	0.78246623	0.73477034	0.69221412	0.7861564	0.934275	0.926147	0.9421035	1.0262606	1.0148899	1.0362375
7	0	neg	0.42918152	0.42228949	0.43689681	0.49656422	0.48905049	0.50366341	0.967663281	0.933509475	0.044210917	0.010063951	-0.020121061	0.52418572	0.5158758	0.53280813	0.45409944	0.44735026	0.4608162	0.45417206	0.44739128	0.46209466	0.9648603	0.9564548	0.9720531	0.9647419	0.9582174	0.9719856
7	0	pos	3.49271551	3.39846877	3.57947512	0.502725	0.49096428	0.51288724	1.15681798	0.933509475	0.044210917	0.010063951	0.169033638	0.52916889	0.5198445	0.53823119	3.5715107	3.47551073	3.65383325	3.56644673	3.4764286	3.64096196	0.9604355	0.9461644	0.9734281	1.1547691	1.1438483	1.165973
7	0	zero	0.75499403	0.72519603	0.78321776	0.4991599	0.48507897	0.51121376	0.98802410886256	0.933513138957217	0.0442331613730761	0.0100826583106905	0.000195150221576786	0.52330604	0.50934709	0.5361749	0.78472814	0.74878042	0.82273389	0.78071669	0.74963737	0.81509166	0.9579463	0.9458214	0.9719949	0.9791773	0.966744	0.9924294
7	0.9	neg	0.05360568	0.05228223	0.05491846	0.11273369	0.11081618	0.11464727	0.94088936	0.933509475	0.044210917	0.036856082	-0.073687114	0.1444352	0.14238545	0.14739657	0.06961131	0.06813315	0.07109085	0.06965232	0.06828977	0.070885	0.9333396	0.9216978	0.9453158	0.9335733	0.9252946	0.9467604
7	0.9	pos	5.32167591	5.23832037	5.40477545	0.11105485	0.10857045	0.11353074	1.633609487	0.933509475	0.044210917	0.036856082	0.619033013	0.14292154	0.13952721	0.14613826	6.14190981	6.03638623	6.24526541	6.1317259	6.00866655	6.24909516	0.9355627	0.9227525	0.9491215	1.6556627	1.6479513	1.6627148
7	0.9	zero	0.60939432	0.57632279	0.64055996	0.1150286	0.11288076	0.11666152	1.01523526936082	0.933498212002273	0.044140292967826	0.0368828946121196	0.000713869778599634	0.14722059	0.14422468	0.14955841	0.70802322	0.6697739	0.75023734	0.70507794	0.67439936	0.74240922	0.9417027	0.9319757	0.9501642	1.0314041	1.0214129	1.0398209
8	0	neg	0.48235142	0.47257813	0.49175112	0.53788637	0.52880204	0.54655077	0.971886906	0.934036144	0.047257828	0.009413465	-0.018820532	0.56279511	0.55220351	0.57533121	0.50598423	0.49698836	0.51546794	0.50545302	0.49507844	0.51693179	0.9790679	0.9673854	0.9923725	0.9788807	0.9685548	0.9900093
8	0	pos	3.50388103	3.42069069	3.58186837	0.52418576	0.51528076	0.5347215	1.148815551	0.934036144	0.047257828	0.009413465	0.158108114	0.54846469	0.53856372	0.5591305	3.57346059	3.50036695	3.64667107	3.57092872	3.48676882	3.63822295	0.9579635	0.9492166	0.9669558	1.1494564	1.1412592	1.1586102
8	0	zero	0.80049262	0.76483194	0.83170621	0.53218472	0.5218672	0.53993967	0.990911537237437	0.934037791744625	0.0472668064358942	0.00942452699117976	0.000182412065738164	0.55591866	0.54687259	0.56667336	0.82511937	0.79184711	0.85515135	0.82213585	0.78784567	0.85659971	0.9679594	0.9571518	0.9789823	0.9893604	0.9771398	1.0025517
8	0.9	neg	0.05181774	0.05097012	0.05267087	0.10218462	0.10109152	0.10328776	0.94294656	0.934036144	0.047257828	0.038373495	-0.076720907	0.131601	0.12979318	0.13298027	0.06739539	0.0665019	0.06844987	0.06748823	0.06642115	0.06868807	0.9411327	0.9340641	0.9508489	0.9419668	0.9340949	0.9498096
8	0.9	pos	5.45290032	5.33988538	5.53868629	0.09976615	0.09882124	0.1007452	1.664186867	0.934036144	0.047257828	0.038373495	0.6445194	0.12866289	0.12759041	0.12969652	6.28866884	6.16168485	6.40644131	6.29028891	6.19501524	6.41383708	0.9392871	0.9335196	0.945869	1.6894217	1.6745709	1.7028725
8	0.9	zero	0.65959361	0.6387272	0.6791288	0.101339	0.09982643	0.10273195	1.02038624598418	0.934022669344733	0.0471811701578982	0.0384384292725155	0.000743977209030433	0.13022015	0.12817839	0.13194353	0.7684026	0.7383647	0.80157745	0.76150066	0.73625283	0.78640225	0.9351319	0.9272839	0.9438528	1.0313973	1.0237031	1.0403768
9	0	neg	0.51830195	0.5108279	0.5274042	0.55864762	0.54809645	0.56726124	0.9756525	0.934544874	0.049896056	0.008794407	-0.017582837	0.58083708	0.57200743	0.58881383	0.53943988	0.52866849	0.54835865	0.53989041	0.53061381	0.55082731	0.9737922	0.9648108	0.9839918	0.9737909	0.9629937	0.9843055
9	0	pos	3.24824302	3.16317898	3.34681274	0.56613833	0.55763552	0.57321178	1.140945787	0.934544874	0.049896056	0.008794407	0.147710449	0.58842969	0.57768562	0.59639434	3.30973722	3.20998253	3.38642439	3.30760182	3.22088517	3.38893759	0.9699267	0.9625633	0.976113	1.1424293	1.1338098	1.1526845
9	0	zero	0.83829001	0.81014081	0.87164916	0.56152844	0.54804556	0.57262998	0.993449264590977	0.934546777416053	0.0499052861626394	0.00882636636736933	0.00017083464491539	0.58351039	0.5716517	0.59549341	0.86411438	0.82873404	0.9007213	0.86016776	0.83341338	0.89523899	0.9702557	0.9571529	0.9857297	0.9875754	0.9768653	1.000894
9	0.9	neg	0.05160465	0.05061163	0.05261177	0.09353453	0.0918923	0.09539271	0.945006713	0.934544874	0.049896056	0.039461038	-0.078895256	0.12057568	0.11875135	0.12259751	0.06702202	0.0658509	0.0683002	0.06690754	0.06567235	0.06819676	0.9448237	0.9346719	0.9557198	0.9442467	0.9359595	0.9550766
9	0.9	pos	5.53508839	5.44919425	5.63410992	0.092652	0.09073892	0.09430786	1.686687701	0.934544874	0.049896056	0.039461038	0.662785732	0.11920756	0.1162505	0.12139044	6.39631491	6.29746295	6.4835406	6.39153388	6.30369448	6.50770635	0.9447329	0.9299935	0.9585283	1.7116698	1.6894813	1.7265528
9	0.9	zero	0.63175398	0.60564407	0.65453481	0.09538742	0.09384408	0.09694615	1.02466823425026	0.934529025179928	0.0498147738830695	0.0395587736712794	0.000765661515978458	0.12299171	0.12045014	0.12547647	0.73032006	0.70966862	0.75915242	0.72923718	0.70496634	0.75737665	0.9485189	0.9403705	0.958076	1.0383119	1.0293014	1.0479705
