t	P	cov	vg_GRMvarX_ganc.mean	vg_GRMvarX_ganc.CI95l	vg_GRMvarX_ganc.CI95r	vg_GRMvarX_noa.mean	vg_GRMvarX_noa.CI95l	vg_GRMvarX_noa.CI95r	vg_GRMvarX_gcta.mean	vg_GRMvarX_gcta.CI95l	vg_GRMvarX_gcta.CI95r	vg_GRMld_ganc.mean	vg_GRMld_ganc.CI95l	vg_GRMld_ganc.CI95r	vg_GRMld_noa.mean	vg_GRMld_noa.CI95l	vg_GRMld_noa.CI95r
 0	0.0	neg	0.05237099	0.05127128	0.05368937	0.03597314	0.03507839	0.03685841	0.03595334	0.03510674	0.03680995	0.9415004	0.9282941	0.9583279	0.9427203	0.9310698	0.9583382
 0	0.0	pos	0.05129161	0.04994867	0.05259920	7.29603342	7.22490139	7.37450840	7.29467926	7.21747526	7.38068800	0.9299205	0.9131098	0.9450892	2.0660927	2.0503219	2.0817828
 0	0.3	neg	0.05234626	0.05125218	0.05360468	0.03602083	0.03514767	0.03693690	0.03611101	0.03517462	0.03725628	0.9404024	0.9298878	0.9497452	0.9413613	0.9313032	0.9575325
 0	0.3	pos	0.05133640	0.04985332	0.05288904	7.29029456	7.23051918	7.35672853	7.29399400	7.23410175	7.36105831	0.9289948	0.9122941	0.9479941	2.0660147	2.0481025	2.0840282
 0	0.6	neg	0.05242713	0.05118863	0.05400471	0.03602724	0.03516721	0.03709399	0.03609151	0.03529332	0.03720577	0.9413523	0.9293246	0.9547473	0.9416427	0.9288830	0.9528859
 0	0.6	pos	0.05153216	0.04983790	0.05294680	7.29170180	7.21234218	7.35645102	7.29318940	7.23333842	7.34839314	0.9297007	0.9100604	0.9453199	2.0644709	2.0461718	2.0823416
 0	0.9	neg	0.05244559	0.05140672	0.05377473	0.03610571	0.03524028	0.03688230	0.03603688	0.03523283	0.03712559	0.9403691	0.9301412	0.9533290	0.9414872	0.9324463	0.9517894
 0	0.9	pos	0.05135901	0.04993036	0.05244473	7.29825813	7.22495461	7.35300948	7.29154150	7.21769412	7.37078449	0.9297935	0.9120280	0.9450304	2.0645933	2.0497358	2.0806406
 1	0.0	neg	0.14077534	0.13762978	0.14344522	0.11802300	0.11539886	0.12216427	0.11801354	0.11385382	0.12092683	0.9647447	0.9534475	0.9731227	0.9650265	0.9544200	0.9757786
 1	0.0	pos	0.13539378	0.13335797	0.13740517	6.27522681	6.18415301	6.40162457	6.28490738	6.18100911	6.40091358	0.9502031	0.9419520	0.9586639	1.5314090	1.5195666	1.5434351
 1	0.3	neg	0.09650132	0.09448436	0.09833288	0.07559548	0.07380732	0.07729571	0.07572656	0.07440329	0.07741669	0.9625683	0.9519803	0.9731211	0.9612728	0.9501042	0.9719523
 1	0.3	pos	0.09690632	0.09610821	0.09792221	6.58344079	6.50051116	6.65129026	6.57759346	6.50929545	6.63672528	0.9554046	0.9518281	0.9590421	1.6898426	1.6805179	1.6982199
 1	0.6	neg	0.07043987	0.06910069	0.07207910	0.05275233	0.05150026	0.05371431	0.05269696	0.05151203	0.05374557	0.9468625	0.9394214	0.9569780	0.9464747	0.9396504	0.9563463
 1	0.6	pos	0.07161686	0.07055411	0.07257548	6.93975257	6.86372814	7.01438513	6.94348753	6.84600131	7.02037782	0.9456200	0.9355645	0.9531305	1.8531986	1.8444065	1.8647544
 1	0.9	neg	0.05573729	0.05503254	0.05649265	0.03943670	0.03838315	0.04080974	0.03931799	0.03837891	0.04103563	0.9419985	0.9349953	0.9489947	0.9421460	0.9350691	0.9485679
 1	0.9	pos	0.05510609	0.05426059	0.05589377	7.25383154	7.16623612	7.34114446	7.24187041	7.15213567	7.32922251	0.9362101	0.9228993	0.9457470	2.0229003	2.0020038	2.0361089
 2	0.0	neg	0.36227382	0.35845863	0.36704664	0.33788843	0.33345640	0.34308609	0.33802863	0.33262602	0.34365249	0.9832358	0.9760440	0.9908473	0.9834767	0.9760134	0.9903937
 2	0.0	pos	0.34534591	0.33750942	0.35243950	4.76521731	4.67168956	4.86458189	4.76664283	4.68036651	4.86796510	0.9726485	0.9576591	0.9883053	1.2655726	1.2511032	1.2775615
 2	0.3	neg	0.18004255	0.17654306	0.18330794	0.15608113	0.15231531	0.15998957	0.15599410	0.15270748	0.15976757	0.9738278	0.9602540	0.9859210	0.9730227	0.9618286	0.9839666
 2	0.3	pos	0.17600422	0.17191051	0.18002123	5.76602288	5.69146409	5.86143013	5.76905821	5.68379557	5.84853065	0.9500574	0.9391505	0.9617867	1.4175373	1.4045291	1.4290912
 2	0.6	neg	0.09729040	0.09477837	0.09977502	0.07633535	0.07458361	0.07808280	0.07625535	0.07424155	0.07797522	0.9594153	0.9490450	0.9678648	0.9601011	0.9514471	0.9693967
 2	0.6	pos	0.09680239	0.09495029	0.09854416	6.64774689	6.51236728	6.77774156	6.66356982	6.55418935	6.80307362	0.9487215	0.9365129	0.9613696	1.6821946	1.6606987	1.7010934
 2	0.9	neg	0.05920998	0.05836846	0.05999812	0.04357787	0.04228411	0.04525834	0.04354106	0.04215585	0.04502894	0.9415658	0.9348357	0.9488976	0.9407149	0.9347473	0.9464477
 2	0.9	pos	0.05872112	0.05759644	0.05993073	7.14621387	7.07010464	7.20941496	7.14702600	7.06693544	7.22896784	0.9331813	0.9212910	0.9438229	1.9683765	1.9575429	1.9802937
 3	0.0	neg	0.66945440	0.65400588	0.68315081	0.66127658	0.64737569	0.67800919	0.66170921	0.64477075	0.67770319	0.9958120	0.9853319	1.0076707	0.9937150	0.9794103	1.0052354
 3	0.0	pos	0.66119307	0.65235332	0.67288956	2.95655011	2.85541946	3.05445785	2.95383372	2.86006836	3.05059037	0.9883982	0.9808743	0.9974661	1.1371767	1.1248398	1.1467575
 3	0.3	neg	0.31876133	0.31375499	0.32477628	0.29279284	0.28438938	0.29841827	0.29223335	0.28573406	0.29770747	0.9828090	0.9708156	0.9942982	0.9833052	0.9696223	0.9963420
 3	0.3	pos	0.31689904	0.31139741	0.32340182	4.88320518	4.82838301	4.94595208	4.88847408	4.80269108	4.94390707	0.9739255	0.9652932	0.9843243	1.2813260	1.2724241	1.2899616
 3	0.6	neg	0.13577248	0.13219702	0.13928173	0.11162031	0.10960294	0.11418660	0.11117405	0.10890833	0.11359761	0.9721586	0.9614430	0.9838049	0.9718855	0.9627291	0.9864721
 3	0.6	pos	0.13579880	0.13316499	0.13821732	6.18350399	6.08531842	6.28076778	6.18910611	6.10290703	6.26757254	0.9622647	0.9542693	0.9694642	1.5394995	1.5286871	1.5547207
 3	0.9	neg	0.06397335	0.06317526	0.06501780	0.04679893	0.04609172	0.04770236	0.04683943	0.04603550	0.04769893	0.9399972	0.9341657	0.9489546	0.9414439	0.9350368	0.9514230
 3	0.9	pos	0.06266713	0.06176083	0.06362160	7.05408072	6.94097989	7.14160850	7.05531878	6.97718879	7.14721262	0.9270281	0.9188058	0.9373266	1.9079420	1.8916024	1.9216882
 4	0.0	neg	0.87771100	0.85756870	0.89303668	0.87637456	0.85955233	0.89175764	0.87633583	0.86039952	0.89175370	0.9947627	0.9806029	1.0068163	0.9949645	0.9818413	1.0055234
 4	0.0	pos	0.88789751	0.87605155	0.90316180	1.74743142	1.67822640	1.81278077	1.74184557	1.68519884	1.80252051	0.9971418	0.9856954	1.0074996	1.0761855	1.0634350	1.0891083
 4	0.3	neg	0.50801463	0.49999644	0.51524242	0.48858493	0.48030492	0.49524267	0.48829221	0.48279074	0.49401683	0.9916301	0.9848951	0.9989561	0.9921979	0.9833188	0.9983638
 4	0.3	pos	0.50237265	0.49493836	0.51034987	3.75915816	3.66707975	3.84718673	3.76539385	3.64922674	3.86880959	0.9820168	0.9755503	0.9906270	1.1829761	1.1706402	1.1963731
 4	0.6	neg	0.18499646	0.18209521	0.18744851	0.16096099	0.15795355	0.16357306	0.16128429	0.15829213	0.16377275	0.9669087	0.9588296	0.9749105	0.9682208	0.9577670	0.9788968
 4	0.6	pos	0.18636672	0.18322937	0.18924671	5.83225138	5.74462628	5.91061041	5.83227614	5.75247401	5.91569402	0.9651000	0.9542832	0.9764727	1.4306822	1.4201325	1.4445240
 4	0.9	neg	0.06942512	0.06812703	0.07072599	0.05110206	0.04976553	0.05236539	0.05115353	0.05001678	0.05232651	0.9533371	0.9409061	0.9624918	0.9520184	0.9436042	0.9622811
 4	0.9	pos	0.06816696	0.06671727	0.06972336	6.94904010	6.88725286	7.00673983	6.95381852	6.88714970	7.01859178	0.9410433	0.9314723	0.9490568	1.8665769	1.8514645	1.8775935
 5	0.0	neg	0.96002222	0.94225768	0.97624907	0.96029386	0.93952787	0.98297949	0.96030338	0.94225180	0.98007011	0.9959438	0.9854414	1.0083396	0.9978486	0.9847726	1.0098676
 5	0.0	pos	0.94470959	0.93135797	0.95735667	1.19495954	1.17685126	1.21830569	1.19418923	1.17127541	1.21652347	0.9839246	0.9754976	0.9930201	1.0214763	1.0129911	1.0283013
 5	0.3	neg	0.68595605	0.67645918	0.69586225	0.67525971	0.66783666	0.68407782	0.67465569	0.66599591	0.68337612	0.9882988	0.9797623	0.9959624	0.9892716	0.9814391	0.9980369
 5	0.3	pos	0.70577318	0.69251106	0.72224324	2.79900366	2.71379005	2.89055921	2.80940530	2.72132691	2.88863546	0.9917042	0.9791939	1.0039856	1.1311283	1.1165539	1.1426891
 5	0.6	neg	0.25302706	0.24918964	0.25762574	0.22770711	0.22424715	0.23178307	0.22770321	0.22472970	0.23184219	0.9847917	0.9741508	0.9958861	0.9840880	0.9761082	0.9938539
 5	0.6	pos	0.25575939	0.25115501	0.26052581	5.28189114	5.22055853	5.34361834	5.28632736	5.23410001	5.36110765	0.9726514	0.9639421	0.9811937	1.3391505	1.3313291	1.3511700
 5	0.9	neg	0.07455929	0.07289617	0.07604449	0.05524732	0.05423554	0.05637327	0.05524670	0.05428794	0.05616719	0.9534173	0.9435328	0.9647305	0.9528215	0.9427529	0.9639855
 5	0.9	pos	0.07373946	0.07199714	0.07622110	6.80501723	6.69207092	6.92308080	6.78105129	6.63978296	6.92301276	0.9475516	0.9329061	0.9673468	1.8200733	1.7923886	1.8488751
 6	0.0	neg	0.99406155	0.97564408	1.00875023	0.99363507	0.97326367	1.01156357	0.99491909	0.97469913	1.01645427	1.0012375	0.9909662	1.0134498	1.0011055	0.9884482	1.0114820
 6	0.0	pos	1.00443799	0.98922373	1.02033963	1.09606851	1.07308811	1.11548182	1.09452408	1.07521848	1.11393446	1.0049868	0.9947101	1.0151414	1.0279113	1.0187624	1.0384381
 6	0.3	neg	0.83259656	0.82079195	0.84375929	0.83108588	0.82055384	0.84075043	0.82906410	0.81681668	0.83792959	0.9919967	0.9836052	0.9980214	0.9927871	0.9843753	1.0013503
 6	0.3	pos	0.83754347	0.81775345	0.85724189	1.95982134	1.90510052	2.00211488	1.96383768	1.90466221	2.01146282	0.9888663	0.9771434	1.0002925	1.0811358	1.0684599	1.0936549
 6	0.6	neg	0.33120227	0.32789376	0.33465919	0.30784867	0.30421183	0.31049166	0.30774291	0.30377614	0.31126880	0.9794574	0.9713406	0.9868828	0.9800268	0.9732047	0.9872203
 6	0.6	pos	0.34083194	0.33736334	0.34443431	4.75680284	4.67252227	4.83626139	4.74799829	4.67864565	4.83308410	0.9836889	0.9795043	0.9898098	1.2764557	1.2719336	1.2813116
 6	0.9	neg	0.07999146	0.07853629	0.08153528	0.06059619	0.05933779	0.06178646	0.06070606	0.05951858	0.06189022	0.9517487	0.9400952	0.9635323	0.9518651	0.9439112	0.9627976
 6	0.9	pos	0.07798611	0.07661484	0.07941903	6.78729990	6.71258513	6.86346573	6.79239221	6.71474035	6.85719794	0.9393772	0.9279128	0.9490186	1.7784368	1.7627796	1.7917253
 7	0.0	neg	0.98610728	0.97104204	1.00496191	0.99053728	0.97491443	1.00886469	0.98880612	0.97017577	1.00709982	0.9969442	0.9868908	1.0079303	0.9969544	0.9872875	1.0071668
 7	0.0	pos	0.98852109	0.97400292	1.00179472	1.02564629	1.00687822	1.04786704	1.02337694	1.00986458	1.03861675	0.9923394	0.9839873	1.0033118	1.0061306	0.9970929	1.0187592
 7	0.3	neg	0.91754831	0.90539840	0.92749615	0.91682073	0.90529640	0.92914520	0.91630535	0.90297630	0.92877878	0.9960562	0.9886558	1.0050880	0.9967157	0.9894482	1.0039183
 7	0.3	pos	0.90987678	0.89174864	0.93131558	1.45259907	1.42192159	1.49551632	1.46142404	1.40544038	1.50750728	0.9848490	0.9723648	0.9995962	1.0465213	1.0336650	1.0570141
 7	0.6	neg	0.43173790	0.42346753	0.43888925	0.41097190	0.40360009	0.41948224	0.41086837	0.40256917	0.41837972	0.9953661	0.9833040	1.0075237	0.9944184	0.9811510	1.0073288
 7	0.6	pos	0.43380438	0.42753460	0.43978832	4.21655713	4.07253841	4.39184886	4.21963771	4.08386601	4.35993899	0.9810437	0.9704799	0.9890671	1.2195443	1.2082463	1.2313275
 7	0.9	neg	0.08706312	0.08583514	0.08863568	0.06718374	0.06567688	0.06935563	0.06736333	0.06571456	0.06951933	0.9585575	0.9495992	0.9666276	0.9594923	0.9511380	0.9681483
 7	0.9	pos	0.08414308	0.08254293	0.08616714	6.71090336	6.59498580	6.85711575	6.72066428	6.60002939	6.87387827	0.9399198	0.9277169	0.9527291	1.7381874	1.7066450	1.7676192
 8	0.0	neg	1.00242866	0.99116775	1.01420669	1.00124722	0.99140040	1.01329862	1.00100163	0.98672699	1.01902803	1.0018662	0.9942143	1.0104500	1.0010599	0.9940556	1.0089060
 8	0.0	pos	1.01467304	0.99407741	1.03310386	1.02771732	1.00504563	1.04925993	1.02935981	1.01084573	1.04717913	1.0064371	0.9964578	1.0165714	1.0144120	1.0070297	1.0233791
 8	0.3	neg	0.95939422	0.94138447	0.97592421	0.96031377	0.94501620	0.97642270	0.96139574	0.94842253	0.97736553	0.9997346	0.9905468	1.0089461	0.9987033	0.9892944	1.0071723
 8	0.3	pos	0.95666798	0.93948382	0.97886314	1.24369233	1.21646947	1.27514366	1.24518732	1.21681714	1.27889061	0.9895207	0.9807423	1.0022358	1.0350038	1.0244948	1.0506745
 8	0.6	neg	0.52859653	0.51953732	0.54087293	0.51101360	0.50104072	0.52214043	0.51052037	0.50071495	0.52045363	0.9906466	0.9780017	1.0011331	0.9903894	0.9793008	1.0016567
 8	0.6	pos	0.53069533	0.51920614	0.54141251	3.64586473	3.56910873	3.71390988	3.64015223	3.55703395	3.71258727	0.9776012	0.9673879	0.9875418	1.1713856	1.1581049	1.1880688
 8	0.9	neg	0.09310636	0.09192109	0.09425605	0.07378395	0.07203715	0.07565424	0.07369592	0.07245514	0.07522911	0.9587372	0.9531974	0.9657401	0.9590079	0.9512223	0.9683859
 8	0.9	pos	0.09309066	0.08925051	0.09552421	6.64202979	6.58236823	6.69594876	6.64369423	6.58041625	6.70659480	0.9600922	0.9393351	0.9735809	1.7183374	1.6956083	1.7368834
 9	0.0	neg	1.00018734	0.97925921	1.02298196	0.99997897	0.98244309	1.02033163	0.99920068	0.98096527	1.01799569	1.0001930	0.9905802	1.0093932	1.0010860	0.9923738	1.0103519
 9	0.0	pos	0.99157158	0.97797791	1.01010089	0.99875555	0.97870072	1.02433037	0.99777117	0.98542302	1.01918061	0.9928423	0.9810230	1.0087808	0.9966658	0.9868043	1.0065868
 9	0.3	neg	0.97212809	0.94863024	0.99272468	0.97373089	0.95437064	0.99488873	0.97383450	0.95074133	0.99546292	0.9950484	0.9838081	1.0057731	0.9967101	0.9863702	1.0081121
 9	0.3	pos	0.98129855	0.96462905	0.99949803	1.10591793	1.08362824	1.12195063	1.10714235	1.08419020	1.13027976	0.9943393	0.9839983	1.0044046	1.0205526	1.0102500	1.0315160
 9	0.6	neg	0.61425615	0.59761114	0.63160004	0.60187945	0.58100844	0.61564240	0.60139149	0.58622923	0.61854520	0.9751518	0.9622325	0.9905725	0.9772306	0.9635959	0.9935999
 9	0.6	pos	0.63587736	0.61988693	0.65071584	3.16731918	3.08945236	3.23224874	3.17483028	3.10659151	3.24296057	0.9873165	0.9707435	1.0053414	1.1482256	1.1316692	1.1627568
 9	0.9	neg	0.09995506	0.09833615	0.10164778	0.08034841	0.07877757	0.08230180	0.08019741	0.07831778	0.08209193	0.9580446	0.9482536	0.9689812	0.9584447	0.9479119	0.9693600
 9	0.9	pos	0.09861977	0.09768268	0.09999894	6.53965535	6.42117408	6.68026404	6.54161669	6.42766578	6.65032580	0.9493612	0.9449666	0.9538088	1.6669437	1.6562701	1.6774846
10	0.0	neg	0.97647249	0.95950671	0.99732242	0.97772756	0.95732450	0.99724362	0.97849501	0.95761330	1.00010728	0.9878628	0.9749018	0.9989722	0.9885914	0.9766146	0.9997934
10	0.0	pos	1.00279911	0.99291016	1.01589915	1.00865425	0.99799699	1.02301126	1.00697257	0.99667295	1.02161556	0.9967101	0.9911347	1.0042727	1.0001006	0.9923900	1.0081397
10	0.3	neg	0.99778653	0.97897712	1.01853773	0.99818875	0.98225504	1.01853580	0.99912539	0.98286847	1.01776470	0.9995452	0.9883341	1.0090905	1.0009603	0.9901609	1.0110855
10	0.3	pos	0.97812155	0.96283353	0.99691323	1.03925770	1.02237636	1.06440229	1.04006572	1.02088614	1.06176110	0.9872974	0.9790352	0.9974061	1.0065607	0.9958001	1.0179060
10	0.6	neg	0.70848552	0.69030606	0.72617714	0.69801227	0.67845683	0.71522086	0.69978397	0.68489280	0.71607854	0.9823921	0.9708288	0.9971149	0.9829486	0.9716513	0.9944132
10	0.6	pos	0.72408158	0.70623018	0.74325655	2.60108546	2.51160951	2.70567495	2.58471037	2.48997506	2.69447291	0.9838172	0.9680291	0.9977421	1.1125081	1.0983370	1.1271024
10	0.9	neg	0.10653592	0.10500213	0.10811019	0.08612553	0.08412879	0.08814734	0.08603047	0.08417784	0.08805293	0.9560649	0.9478285	0.9644526	0.9572779	0.9479590	0.9671101
10	0.9	pos	0.10609648	0.10411459	0.10868228	6.41340501	6.27777702	6.56019203	6.40513454	6.28259290	6.53231584	0.9483273	0.9354600	0.9617174	1.6191560	1.6023945	1.6389880
11	0.0	neg	0.99575429	0.97565227	1.01607354	0.99545560	0.97553514	1.01582104	0.99572566	0.97259255	1.01501417	0.9954535	0.9829712	1.0077984	0.9952960	0.9835074	1.0078565
11	0.0	pos	1.01073314	0.98916067	1.03855109	1.01520702	0.99478506	1.03812831	1.01069994	0.98992015	1.03196907	0.9997728	0.9831360	1.0124038	1.0023929	0.9912734	1.0182543
11	0.3	neg	0.98721748	0.97072042	1.00619861	0.98948105	0.96976587	1.01174299	0.98780362	0.97070433	1.00798306	0.9927308	0.9810616	1.0027676	0.9945354	0.9835004	1.0081371
11	0.3	pos	1.00309774	0.98321532	1.02148248	1.03605052	1.01215296	1.05867208	1.03465152	1.01644324	1.05507760	0.9981203	0.9887084	1.0056461	1.0110643	1.0007555	1.0234877
11	0.6	neg	0.79275999	0.77741401	0.80881493	0.78586317	0.77232472	0.80053028	0.78715340	0.77173893	0.80120039	0.9909994	0.9811715	0.9992086	0.9914164	0.9805555	1.0006540
11	0.6	pos	0.78406853	0.77063654	0.79380033	2.16784624	2.12652791	2.21318231	2.16292586	2.11508480	2.21635439	0.9764826	0.9674132	0.9875103	1.0797663	1.0730070	1.0878913
11	0.9	neg	0.11738756	0.11520190	0.11926300	0.09438681	0.09206830	0.09631854	0.09441847	0.09199256	0.09612060	0.9733762	0.9612833	0.9841366	0.9716374	0.9618107	0.9810210
11	0.9	pos	0.11380853	0.11168988	0.11533320	6.38894863	6.29365743	6.50508057	6.38644010	6.24664694	6.50128343	0.9509809	0.9409957	0.9603307	1.5991016	1.5820962	1.6140922
12	0.0	neg	0.98448040	0.96743568	1.00665674	0.98547744	0.96863825	1.00513883	0.98486019	0.96790320	1.00929304	0.9912399	0.9816713	1.0030705	0.9917599	0.9812548	1.0049271
12	0.0	pos	0.99210190	0.97033217	1.01056441	0.99552914	0.97908878	1.01296499	0.99467316	0.97485098	1.01493012	0.9946245	0.9816489	1.0055453	0.9953922	0.9800863	1.0071391
12	0.3	neg	0.98849352	0.97144228	1.00290153	0.98842730	0.97312483	0.99956182	0.98814194	0.97387883	1.00120184	0.9944948	0.9860206	1.0037586	0.9939354	0.9854375	1.0046491
12	0.3	pos	0.99436338	0.97655198	1.00767210	1.01704321	1.00230872	1.03333093	1.01615894	1.00159553	1.03226265	0.9965061	0.9885537	1.0063040	1.0068818	0.9982075	1.0154549
12	0.6	neg	0.84524364	0.83175405	0.86167693	0.84181784	0.82697523	0.85728483	0.84424059	0.82739418	0.86075119	0.9877619	0.9764984	0.9982686	0.9886956	0.9780242	1.0018866
12	0.6	pos	0.84538099	0.83170536	0.85626164	1.82534277	1.78578633	1.86909145	1.82529987	1.78637164	1.86754108	0.9828533	0.9723555	0.9908588	1.0677785	1.0589025	1.0740348
12	0.9	neg	0.12561280	0.12380270	0.12740878	0.10217805	0.10013082	0.10359951	0.10201168	0.10048516	0.10345863	0.9685326	0.9611331	0.9765450	0.9689823	0.9603528	0.9753321
12	0.9	pos	0.12357468	0.12165289	0.12526127	6.37063482	6.20749743	6.52960779	6.36881555	6.22035745	6.52111267	0.9577288	0.9494156	0.9656035	1.5806863	1.5612891	1.6000076
13	0.0	neg	1.00061644	0.98794111	1.01192307	1.00094101	0.98986255	1.01153271	1.00170945	0.99124108	1.01217432	1.0031402	0.9980624	1.0086638	1.0036624	0.9985158	1.0093990
13	0.0	pos	0.99141648	0.97074272	1.01137902	0.99277666	0.97492388	1.01200503	0.99103555	0.97341959	1.01255587	0.9942141	0.9822403	1.0046584	0.9964666	0.9848270	1.0085172
13	0.3	neg	1.01248042	1.00185818	1.02294369	1.01364502	1.00448142	1.02332066	1.01453204	1.00567748	1.02587190	1.0087990	1.0047615	1.0129948	1.0093118	1.0047748	1.0142364
13	0.3	pos	0.99454489	0.97664082	1.01063205	1.00821858	0.98690360	1.02580208	1.00926085	0.98945669	1.02794736	0.9962587	0.9861875	1.0049567	1.0046413	0.9906791	1.0184419
13	0.6	neg	0.90805577	0.88871768	0.92731883	0.90624136	0.88644872	0.92733861	0.90558494	0.88935983	0.92597251	1.0030824	0.9928437	1.0162960	1.0046884	0.9935246	1.0162099
13	0.6	pos	0.90502334	0.88378161	0.92844679	1.59138916	1.54501271	1.63983560	1.59475226	1.54758398	1.65015761	0.9938732	0.9783471	1.0125935	1.0611970	1.0474447	1.0757059
13	0.9	neg	0.13456536	0.13265326	0.13703161	0.11127439	0.10946682	0.11311907	0.11130782	0.10917509	0.11355230	0.9701026	0.9604186	0.9793602	0.9719303	0.9612433	0.9845838
13	0.9	pos	0.13314992	0.13091834	0.13483554	6.26632565	6.15887657	6.40178485	6.27333886	6.18247048	6.38450161	0.9594830	0.9525505	0.9683319	1.5499209	1.5348388	1.5612866
14	0.0	neg	0.99966915	0.98724543	1.01074040	1.00125119	0.99063994	1.01426903	1.00195609	0.99008337	1.01253253	1.0020648	0.9949136	1.0078191	1.0031216	0.9954324	1.0096317
14	0.0	pos	0.99547603	0.97307918	1.01940796	0.99634362	0.96951532	1.02122282	0.99506077	0.97321385	1.01422631	0.9945886	0.9834464	1.0081921	0.9965375	0.9832933	1.0114286
14	0.3	neg	0.98878575	0.97187352	1.00485415	0.98881246	0.96737632	1.01008878	0.99010432	0.96580248	1.00829628	0.9916257	0.9803170	1.0047005	0.9932359	0.9796644	1.0049149
14	0.3	pos	1.02148300	1.00519473	1.03790031	1.03077579	1.01268264	1.04977674	1.03063970	1.01320168	1.04801105	1.0123759	1.0029137	1.0213336	1.0182711	1.0072096	1.0293110
14	0.6	neg	0.91391776	0.90224457	0.93038524	0.91273730	0.89990497	0.93098889	0.91257355	0.90089711	0.92795253	0.9884528	0.9768933	0.9975934	0.9880498	0.9792878	0.9972655
14	0.6	pos	0.93969914	0.92783613	0.95037136	1.39939241	1.36343846	1.43484035	1.39904357	1.35962059	1.43649779	0.9970853	0.9898236	1.0046841	1.0514546	1.0408743	1.0621242
14	0.9	neg	0.14468852	0.14327676	0.14630167	0.12110077	0.11976496	0.12247798	0.12109009	0.11966735	0.12265478	0.9747028	0.9674065	0.9812607	0.9742550	0.9678186	0.9806677
14	0.9	pos	0.14285433	0.14065880	0.14598986	6.22368021	6.06193229	6.35577611	6.22139425	6.06210436	6.36544259	0.9641803	0.9546609	0.9750306	1.5307654	1.5201556	1.5433307
15	0.0	neg	0.97946405	0.96247403	0.99358692	0.98059082	0.96694628	0.99753416	0.97864547	0.96295227	0.99509494	0.9895476	0.9790395	0.9997809	0.9911465	0.9810091	0.9992992
15	0.0	pos	0.99020154	0.96661663	1.00971505	0.99029169	0.96908784	1.01186458	0.98908602	0.97268650	1.00495046	0.9941446	0.9808127	1.0059363	0.9954535	0.9814208	1.0070232
15	0.3	neg	0.99181170	0.97472932	1.00764191	0.99258050	0.97685294	1.01006071	0.99181700	0.97612926	1.00864450	0.9959687	0.9860402	1.0058192	0.9973763	0.9877270	1.0065672
15	0.3	pos	1.00409921	0.98816086	1.02303326	1.00798564	0.99331162	1.02283514	1.00652507	0.99104357	1.02728571	1.0002898	0.9916466	1.0109399	1.0029510	0.9949449	1.0110379
15	0.6	neg	0.94799909	0.93287765	0.96475696	0.94810162	0.93003891	0.96231070	0.94870290	0.93322062	0.96319651	0.9959342	0.9887920	1.0031879	0.9969736	0.9872855	1.0030431
15	0.6	pos	0.95344513	0.94035570	0.96716391	1.27845218	1.24369886	1.31555293	1.27747207	1.24610419	1.31430798	0.9936762	0.9866908	1.0013809	1.0393750	1.0307580	1.0505811
15	0.9	neg	0.15508256	0.15118940	0.15832752	0.13098491	0.12748235	0.13463482	0.13104400	0.12797627	0.13434816	0.9675110	0.9540397	0.9778464	0.9663038	0.9538215	0.9779548
15	0.9	pos	0.15274328	0.15102723	0.15434762	6.07013439	5.89967871	6.23306627	6.07416206	5.94075819	6.19832519	0.9620308	0.9561659	0.9686632	1.4940463	1.4759703	1.5104469
16	0.0	neg	0.98862075	0.97611321	1.00646163	0.99097778	0.97625821	1.00321698	0.99070918	0.97677789	1.00294776	0.9946547	0.9856858	1.0032379	0.9955785	0.9873323	1.0029671
16	0.0	pos	1.00177477	0.98951022	1.01442891	1.00223508	0.98949570	1.01888714	1.00178924	0.98839173	1.01544104	1.0002452	0.9924348	1.0086300	1.0013477	0.9932041	1.0089240
16	0.3	neg	0.98470681	0.96927646	0.99887167	0.98414332	0.96625812	0.99855428	0.98330972	0.96851749	0.99956871	0.9850741	0.9766035	0.9918632	0.9858697	0.9764708	0.9951382
16	0.3	pos	0.98208246	0.96514539	0.99864803	0.98763487	0.97502065	1.00333862	0.98735921	0.97286674	1.00510395	0.9921364	0.9833843	1.0049774	0.9962410	0.9876138	1.0043831
16	0.6	neg	0.95886699	0.94176182	0.97653860	0.95909716	0.93594612	0.97543282	0.95868903	0.94320724	0.97256427	0.9951427	0.9861601	1.0053313	0.9946941	0.9834368	1.0043906
16	0.6	pos	0.97542379	0.96163781	0.99601314	1.20391146	1.17863703	1.22551850	1.20278060	1.17976847	1.22393628	0.9953662	0.9879766	1.0054995	1.0321453	1.0219326	1.0430369
16	0.9	neg	0.16699177	0.16545147	0.16903876	0.14270534	0.14123717	0.14389457	0.14268461	0.14105911	0.14411671	0.9726923	0.9643940	0.9805364	0.9727658	0.9660023	0.9792618
16	0.9	pos	0.16328074	0.16089267	0.16591932	5.99239731	5.85241348	6.12271205	5.98482901	5.84615615	6.13035368	0.9597157	0.9464258	0.9696897	1.4708818	1.4535984	1.4935286
17	0.0	neg	0.99561707	0.98059444	1.00804127	0.99579990	0.97841004	1.00968668	0.99554531	0.98231003	1.00955877	0.9991432	0.9917843	1.0059928	0.9991628	0.9911436	1.0052407
17	0.0	pos	0.99082746	0.97418435	1.00948496	0.98956674	0.97085889	1.00720819	0.99189495	0.97406006	1.01204861	0.9916902	0.9817951	1.0020571	0.9934692	0.9826657	1.0038497
17	0.3	neg	0.99017691	0.97734634	1.00231360	0.99026789	0.97621893	1.00544446	0.99006027	0.97353218	1.00445660	0.9947356	0.9869509	1.0032390	0.9942830	0.9859392	1.0014509
17	0.3	pos	1.01915044	0.99893550	1.04112327	1.01928485	0.99866176	1.03661280	1.01945318	0.99499656	1.04466112	1.0074434	0.9987362	1.0163729	1.0103621	1.0014055	1.0191392
17	0.6	neg	0.97445966	0.95676520	0.98943221	0.97346614	0.95277310	0.98928415	0.97406939	0.95844680	0.98912716	0.9925519	0.9805832	1.0042304	0.9933785	0.9828716	1.0028304
17	0.6	pos	0.97841739	0.96543472	0.99252264	1.13499956	1.10959689	1.16090841	1.13497417	1.11540137	1.15857750	0.9896579	0.9798415	1.0003508	1.0196553	1.0091780	1.0297938
17	0.9	neg	0.18003300	0.17719890	0.18330613	0.15472529	0.15204224	0.15738641	0.15483513	0.15211354	0.15770830	0.9727676	0.9642675	0.9807500	0.9735010	0.9637396	0.9814511
17	0.9	pos	0.17490236	0.17170793	0.17890347	5.97052814	5.84538856	6.09858547	5.95491412	5.82414218	6.11073990	0.9589972	0.9469887	0.9703400	1.4477684	1.4315948	1.4666869
18	0.0	neg	0.99060028	0.97134668	1.00500284	0.99063211	0.97504843	1.00607651	0.99058916	0.97436434	1.00838523	0.9936977	0.9844680	1.0031276	0.9935263	0.9839687	1.0028839
18	0.0	pos	0.99801370	0.97730681	1.01998943	1.00121343	0.98093512	1.02053062	1.00166367	0.98223305	1.02337680	0.9999354	0.9876505	1.0111889	0.9997215	0.9884305	1.0156921
18	0.3	neg	0.99682016	0.98270169	1.01325723	0.99385982	0.97866703	1.01086058	0.99369244	0.97295185	1.00959518	0.9980210	0.9847292	1.0124181	0.9988926	0.9874992	1.0117195
18	0.3	pos	1.01634464	1.00654866	1.02592691	1.01793771	1.00944499	1.02622767	1.01843990	1.00981762	1.03007689	1.0085181	1.0033484	1.0143507	1.0102798	1.0045704	1.0156147
18	0.6	neg	0.98540973	0.97084842	1.00164750	0.98619386	0.97099128	0.99955728	0.98653196	0.97198721	0.99904844	0.9980379	0.9879443	1.0087284	0.9971951	0.9849750	1.0064436
18	0.6	pos	0.98116143	0.97006778	0.99472627	1.09145560	1.07652658	1.10832419	1.09000850	1.07376833	1.10415189	0.9936068	0.9866695	0.9990234	1.0184850	1.0109133	1.0255101
18	0.9	neg	0.19026565	0.18699560	0.19294761	0.16631128	0.16336212	0.16943550	0.16633764	0.16336299	0.16987024	0.9670847	0.9593406	0.9750537	0.9681186	0.9582801	0.9774231
18	0.9	pos	0.19318787	0.18986680	0.19654141	5.92831431	5.80617895	6.05276409	5.92315296	5.81078108	6.04284341	0.9777996	0.9696661	0.9866422	1.4455169	1.4344738	1.4595518
19	0.0	neg	0.98222160	0.96916747	0.99593370	0.98257247	0.96598660	0.99666816	0.98205062	0.96357719	1.00424219	0.9902490	0.9784793	1.0026711	0.9914979	0.9805856	1.0031999
19	0.0	pos	0.98964823	0.97523731	1.00862416	0.99142476	0.97441828	1.01172757	0.99095866	0.97500644	1.01648205	0.9910586	0.9814703	1.0028904	0.9924360	0.9831882	1.0051058
19	0.3	neg	0.99562648	0.98714790	1.00442607	0.99673564	0.98685043	1.00716212	0.99601366	0.98746397	1.00645913	0.9996781	0.9941387	1.0058651	1.0006408	0.9953836	1.0066325
19	0.3	pos	1.01005254	0.98250761	1.03510112	1.01156679	0.98552852	1.03687496	1.01096887	0.98102177	1.03278491	1.0026501	0.9835940	1.0158920	1.0044135	0.9857345	1.0158090
19	0.6	neg	0.97723364	0.95744949	0.99441988	0.97707436	0.95723008	0.99098873	0.97721102	0.96031723	0.99485232	0.9905472	0.9802723	0.9992119	0.9918153	0.9824037	1.0013545
19	0.6	pos	1.00488625	0.98788966	1.02369563	1.08348412	1.06333920	1.10971574	1.08450489	1.05128169	1.11444546	1.0027530	0.9938573	1.0133672	1.0252784	1.0144321	1.0374499
19	0.9	neg	0.20660113	0.20338078	0.20976700	0.18251678	0.18005699	0.18492128	0.18261574	0.17938970	0.18463757	0.9767065	0.9681559	0.9850247	0.9760728	0.9662433	0.9848600
19	0.9	pos	0.20614582	0.20362971	0.20982689	5.75762637	5.63698023	5.87080170	5.76367973	5.62822342	5.87930110	0.9746368	0.9666563	0.9860583	1.4165654	1.4037254	1.4288745
20	0.0	neg	0.98877116	0.97023439	1.00648191	0.98788846	0.96780463	1.00554517	0.98849340	0.96946752	1.00785830	0.9939710	0.9823239	1.0041498	0.9942405	0.9817256	1.0064421
20	0.0	pos	0.99877633	0.98148663	1.01734745	0.99907781	0.97908694	1.01597987	0.99908564	0.98254112	1.01425069	0.9986275	0.9899264	1.0064437	0.9991913	0.9902819	1.0066373
20	0.3	neg	1.00117230	0.98463129	1.01970954	1.00005844	0.98205371	1.01921897	1.00071880	0.98474395	1.01452715	1.0010700	0.9914268	1.0131136	1.0015618	0.9903122	1.0112144
20	0.3	pos	1.00001951	0.98890989	1.01188625	1.00159542	0.99226871	1.01121652	1.00154241	0.99458286	1.01155429	0.9945560	0.9887627	0.9997405	0.9957281	0.9900049	1.0000880
20	0.6	neg	0.99401964	0.97777894	1.00796570	0.99620954	0.98226417	1.01379071	0.99510206	0.98166237	1.01096329	1.0003504	0.9884265	1.0105704	1.0008767	0.9900584	1.0107412
20	0.6	pos	0.99349804	0.98537272	1.00346918	1.05089318	1.04285039	1.06073280	1.05055127	1.04087629	1.05961881	0.9961044	0.9893467	1.0036532	1.0142692	1.0078184	1.0196979
20	0.9	neg	0.22153296	0.21694195	0.22571112	0.19603073	0.19216746	0.19955675	0.19550497	0.19218306	0.20062198	0.9774957	0.9688110	0.9880845	0.9776911	0.9681261	0.9883819
20	0.9	pos	0.22004604	0.21631673	0.22365823	5.58482175	5.49623367	5.66192249	5.57984129	5.49322910	5.67277945	0.9758842	0.9648873	0.9856833	1.3895068	1.3741839	1.4029934
