t	P	cov	vg_zeros	vg_123	vg_zeros_noa	vg_zeros_gcta	var.pheno	vg_HEreg_new	vg_zero_adj	vg.term1	vg.term2	vg.term3	vg.term4	vg.sum	var.pheno.j
0	0	zero	0.790646526	0.929264401	0.611715448151951	0.5092055	1.14579633071719	0.583445793481012	0.790646526356785	0.929265142386037	0.00793521040912172	0.00793521040912172	0.000153586288643403	0.945289149492924	1.17346887730461
0	0.3	zero	0.790646526	0.929264401	0.611715448151951	0.5092055	1.1762322951153	0.598943953950334	0.790646526356791	0.929265142386037	0.00793521040912172	0.00793521040912172	0.000153586288643403	0.945289149492924	1.17346887730461
0	0.6	zero	0.790646526	0.929264401	0.611715448151951	0.5092055	1.16325166263461	0.592334144497688	0.790646526356783	0.929265142386037	0.00793521040912172	0.00793521040912172	0.000153586288643403	0.945289149492924	1.17346887730461
0	0.9	zero	0.790646526	0.929264401	0.61171544815195	0.5092055	1.21452453954848	0.618442575423054	0.790646526356785	0.929265142386037	0.00793521040912172	0.00793521040912172	0.000153586288643403	0.945289149492924	1.17346887730461
1	0	zero	0.612534233	0.933764189	0.578014973644923	0.4799101	1.22878301799353	0.589705381043577	0.612534232997969	0.929936757023994	0.0150643082742354	0.0112470744605773	0.000217687538884966	0.956465827297692	1.18159841685833
1	0.3	zero	0.594480535	0.932615635	0.601664415369143	0.4936364	1.18455500850058	0.584739469998196	0.5944805349465	0.929936307582218	0.0150596993757519	0.0123903970519949	0.000239816589594968	0.95762622059956	1.19500930520296
1	0.6	zero	0.574574809	0.93146708	0.528382935497978	0.4366926	1.24807882037659	0.545026785075186	0.574574808551887	0.929937480455923	0.0150716921868581	0.0135227595655673	0.000261733507596107	0.958793665715945	1.18750969078048
1	0.9	zero	0.552349525	0.930318526	0.530359370583293	0.4366433	1.22782152685063	0.536120043295098	0.552349524713422	0.929936982560937	0.0150665963938944	0.0146921692963682	0.000284367475846113	0.959980115727045	1.19161270592418
2	0	zero	0.510819365	0.939703363	0.636532068303183	0.5220829	1.2666725428533	0.661308074523225	0.510819364553999	0.930586738680718	0.0214665348490958	0.0123496351631448	0.000239027641740557	0.9646419363347	1.20015362633526
2	0.3	zero	0.457733473	0.937355879	0.623688450690674	0.5110363	1.21546784001649	0.621148187731019	0.4577334726194	0.930586319942976	0.0214625430991502	0.0147138133100665	0.000284786396525452	0.967047462748718	1.20158689037255
2	0.6	zero	0.416068375	0.934675566	0.554674521217372	0.4513507	1.26868418805713	0.572621496358517	0.416068375046824	0.930585272537583	0.0214526055233697	0.0173357404291616	0.000335533892124611	0.969709152382239	1.2104408951872
2	0.9	zero	0.367205912	0.931662423	0.551831750608023	0.4490811	1.24562959589138	0.559388709115456	0.367205912327604	0.93058445862566	0.0214448712351511	0.0203806014782828	0.000394467289458576	0.972804398628552	1.21062418673563
3	0	zero	0.468221325	0.945970222	0.638231735132818	0.5199538	1.26401132977562	0.657227494159887	0.468221325090533	0.931215446113978	0.0271938719125998	0.0124155927851364	0.000240304253934455	0.971065215065649	1.21139775176928
3	0.3	zero	0.390557664	0.942710981	0.614635767727926	0.5000124	1.22578573675162	0.612908068118946	0.390557664286658	0.931212633073608	0.0271691734067232	0.0156769347482568	0.000303427647302432	0.97436216887589	1.21286323711797
3	0.6	zero	0.318404422	0.938514291	0.584327058721031	0.4754813	1.23197265515666	0.58577995963834	0.318404421927105	0.931211693489358	0.027160973474151	0.0198217596266096	0.000383650884913281	0.978578077475032	1.21338774499031
3	0.9	zero	0.259424973	0.93323548	0.558715582500178	0.4505019	1.23175228450971	0.554906744500965	0.259424973218459	0.93120920197429	0.0271390246725392	0.025143417355247	0.000486651765524129	0.9839782957676	1.22660390828134
4	0	zero	0.456039289	0.95205638	0.706456093906998	0.5714973	1.2572743279642	0.718528883790855	0.456039289413779	0.931822435084341	0.0322892015150815	0.012020139597114	0.000232650242969511	0.976364426439506	1.22285516382386
4	0.3	zero	0.3545803	0.948214853	0.640385194969552	0.5223111	1.26001216577506	0.658118340319354	0.354580299954911	0.931817654333606	0.0322505757529614	0.015821801707496	0.000306231552614259	0.980196263346678	1.21104661926483
4	0.6	zero	0.269350424	0.942704448	0.615103084172542	0.4946388	1.21311374926563	0.600053129200252	0.269350423920213	0.931814657069031	0.0322264772743823	0.0213119692407679	0.000412493946677111	0.985765597530858	1.23026633534498
4	0.9	zero	0.196792277	0.934984925	0.596200280958023	0.4738335	1.28484856834002	0.608804294106541	0.196792277206994	0.931812061201049	0.0322052454538841	0.0290604903605227	0.000562466857274434	0.99364026387273	1.24656241668893
5	0	zero	0.454733063	0.957742803	0.726523710187585	0.589998	1.21438527019808	0.716484880646327	0.45473306295753	0.932407729359383	0.0367985078504403	0.0114358985936044	0.000221342236908424	0.980863478040336	1.21916910382833
5	0.3	zero	0.349431785	0.953593409	0.667219193605533	0.5364538	1.14580206001395	0.614669869142311	0.34943178526881	0.932403754462037	0.0367689370367806	0.0155516511795572	0.000301002779233091	0.985025345457608	1.23134544706427
5	0.6	zero	0.244414306	0.947041189	0.624843461025024	0.4973234	1.15831353651929	0.576056426247798	0.24441430617759	0.932398948821653	0.0367335199653114	0.0220702132417664	0.000427169787139465	0.99162985181587	1.24384606689815
5	0.9	zero	0.157288214	0.936864985	0.567486593859832	0.4515688	1.19977618708264	0.541781493069483	0.157288213549854	0.932394309962318	0.0366986762239663	0.0322781988765868	0.000624745723673551	1.00199593078654	1.24623157221487
6	0	zero	0.476282603	0.96294829	0.759285037352245	0.6123504	1.16134445479066	0.711149741428842	0.476282603312724	0.932968373293285	0.0407460183117443	0.0107442227273397	0.000207954825136497	0.984666569157506	1.22907003347791
6	0.3	zero	0.349487792	0.958691769	0.647594519642515	0.5213818	1.2009599531354	0.626158662093651	0.349487792431213	0.932969169252019	0.0407509029696139	0.0149904127095884	0.000290139988052744	0.989000624919274	1.23086209231401
6	0.6	zero	0.225433062	0.951376052	0.645863861124335	0.5146975	1.23211937249458	0.634168760724529	0.225433061949534	0.932964263134978	0.0407180241175871	0.0223104318274916	0.000431819226680764	0.996424538306737	1.24420586914998
6	0.9	zero	0.131229159	0.938836116	0.639533729120653	0.5030528	1.24729987012646	0.627457692106752	0.131229159395642	0.932956227756616	0.0406630270158477	0.0348135807056683	0.0006738181320088	1.00910665361014	1.26193550399889
7	0	zero	0.497615136	0.967656441	0.755015009731945	0.6130842	1.24807229464045	0.765173404301805	0.497615136095336	0.933513138957217	0.0442331613730761	0.0100826583106905	0.000195150221576786	0.98802410886256	1.22305127468625
7	0.3	zero	0.364777497	0.963428665	0.734124092236364	0.5867905	1.2345150086929	0.724401679208411	0.364777496500947	0.933510388855016	0.0442159416453272	0.0142874823046231	0.000276534744271291	0.992290347549238	1.24238047474715
7	0.6	zero	0.221525172	0.95560344	0.661766009203376	0.5238288	1.23861264495899	0.648820975473694	0.221525171902253	0.933507706689317	0.04419949050377	0.0220991489714161	0.000427729839248603	1.00023407600375	1.2542007128725
7	0.9	zero	0.114959809	0.94086431	0.608658208430588	0.4769148	1.23480394736534	0.588896277596952	0.114959808801356	0.933498212002273	0.044140292967826	0.0368828946121196	0.000713869778599634	1.01523526936082	1.2687646306518
8	0	zero	0.532015755	0.971880507	0.798833063711574	0.6422245	1.24385566801218	0.798834584461288	0.532015754934188	0.934037791744625	0.0472668064358942	0.00942452699117976	0.000182412065738164	0.990911537237437	1.23617094686529
8	0.3	zero	0.385496693	0.967767891	0.745876748248125	0.5935623	1.23086375515879	0.730594321498688	0.385496692838302	0.934038008508987	0.0472675037899969	0.0135259768355781	0.00026179577797522	0.995093284912537	1.24809678288304
8	0.6	zero	0.222507327	0.959650221	0.643408001806565	0.5102977	1.23506453585375	0.630250591997736	0.222507327106737	0.934035472926999	0.0472531386475191	0.0216219554566036	0.000418493741259255	1.00332906077238	1.25190681891197
8	0.9	zero	0.101249642	0.942920477	0.659384004479486	0.5154368	1.2639941064574	0.651509077451262	0.101249642213568	0.934022669344733	0.0471811701578982	0.0384384292725155	0.000743977209030433	1.02038624598418	1.27318353321816
9	0	zero	0.561297532	0.975646523	0.83809783103609	0.6735016	1.2393590376188	0.834710294810722	0.561297531815866	0.934546777416053	0.0499052861626394	0.00882636636736933	0.00017083464491539	0.993449264590977	1.23872359872266
9	0.3	zero	0.400561198	0.97170046	0.752207062466976	0.6042477	1.24303920209287	0.751103578874452	0.400561197572504	0.934546089380469	0.0499012606181147	0.0127583534325543	0.000246938398842498	0.997452641829981	1.23753383845153
9	0.6	zero	0.226592298	0.963467738	0.690613537874987	0.5445362	1.23324116824255	0.671544459438359	0.226592298306889	0.934544617830976	0.0498934410616752	0.0209883307550958	0.000406229911911327	1.00583261955966	1.26125710850523
9	0.9	zero	0.095423391	0.944979892	0.629637942009073	0.4887194	1.26246299789401	0.616990158852962	0.0954233913626016	0.934529025179928	0.0498147738830695	0.0395587736712794	0.000765661515978458	1.02466823425026	1.2829593743609
10	0	zero	0.596828332	0.978985269	0.862907785431802	0.6901442	1.29038965770625	0.890554938005954	0.59682833183377	0.935038875970672	0.0521710910258017	0.00824165642052598	0.000159517562438872	0.995611140979439	1.24652082790963
10	0.3	zero	0.429989473	0.975233474	0.765768727443315	0.6119776	1.24889053324447	0.764293031197671	0.429989473350569	0.935037136143405	0.0521628952653483	0.0120048271375879	0.000232353869753507	0.999437212416094	1.2453526719701
10	0.6	zero	0.240194801	0.967025673	0.705203803670627	0.5497485	1.14580206001395	0.629902963789579	0.240194800929693	0.93503620961602	0.0521577763439663	0.0201915062302634	0.000390807343994492	1.00777629953424	1.27635181364279
10	0.9	zero	0.090693051	0.94702168	0.64590214018705	0.4960701	1.16755242113574	0.579187846308049	0.0906930506269996	0.935021097722824	0.0520894895149324	0.0402274382479829	0.000778603543396553	1.02811662902914	1.29715653137643
11	0	zero	0.622340589	0.981928491	0.868854757915965	0.6993101	1.1857723822774	0.829222603227647	0.622340588895456	0.935511533669291	0.054083413534592	0.0076974855299268	0.000148985114883502	0.997441417848694	1.23973557984622
11	0.3	zero	0.458734493	0.978383206	0.791515985854483	0.6315515	1.19264477651337	0.753216597574184	0.458734492864343	0.935511098304447	0.0540811323021248	0.0112520697207771	0.00021778422232943	1.00106208454968	1.24820807690662
11	0.6	zero	0.250280266	0.970307349	0.743195680548378	0.5833949	1.23476401133325	0.72035502691536	0.250280266020527	0.935509280237997	0.0540727182196447	0.0192894735277631	0.000373348467938383	1.00924482045334	1.26801845256032
11	0.9	zero	0.085180079	0.949028375	0.653966863591235	0.5060057	1.2257964152409	0.620259973151462	0.0851800787739343	0.935497228037511	0.0540236515206255	0.040540179498705	0.000784656661780017	1.03084571571862	1.28911005366731
12	0	zero	0.658454929	0.984507168	0.872022571468456	0.6972149	1.24755643967443	0.869814938331964	0.658454929439359	0.935969986008774	0.0556911710182447	0.00718843365027825	0.000139132397073739	0.998988723074371	1.24901961447444
12	0.3	zero	0.498764625	0.981170829	0.80373134467206	0.6372337	1.26542112986192	0.806368988640092	0.498764625062494	0.935969190254053	0.0556878160608779	0.0105132086223511	0.000203483538657602	1.00237369847594	1.257639449436
12	0.6	zero	0.261843704	0.97330614	0.735432039907356	0.5780549	1.26048195073907	0.728627767986278	0.261843703768457	0.93596796035857	0.055682031168222	0.0183664115949232	0.000355482570357404	1.01037188569207	1.26696480787515
12	0.9	zero	0.082047557	0.950985519	0.651028862171124	0.5050614	1.25556373232017	0.63413677643485	0.0820475567600455	0.935955522470532	0.0556374363499237	0.0406435746060696	0.000786657877877042	1.0330231913044	1.28583750480158
13	0	zero	0.693319997	0.986750755	0.912789625452884	0.7263034	1.29497632508021	0.940545707825262	0.693319997460744	0.936411015797974	0.0570082453517143	0.00670238570310452	0.000129724921221133	1.00025137177401	1.25556722198889
13	0.3	zero	0.511818508	0.98361978	0.817452737537711	0.6575426	1.28397229423985	0.844266480682436	0.511818507848393	0.936409858837323	0.0570041735879663	0.00982357699476201	0.000190135693200252	1.00342774511325	1.24109574120824
13	0.6	zero	0.278733015	0.97602272	0.751057629595835	0.5933682	1.27632886641825	0.757332962074637	0.278733014939591	0.936409594435806	0.0570013682912381	0.0173970791845969	0.000336721105986826	1.01114476301763	1.26222095799577
13	0.9	zero	0.079920906	0.952881289	0.674465796232859	0.5221938	1.25905836777561	0.657472473490543	0.0799209055119662	0.936400381797448	0.0569712512782247	0.0405275711126041	0.000784412626004381	1.03468361681428	1.28913890456203
14	0	zero	0.71340482	0.988686905	0.912059901311858	0.7320221	1.27569009132127	0.933833339598188	0.713404820054551	0.936838883145133	0.0580708243364153	0.00625425376902099	0.00012105131119318	1.00128501256176	1.24604938661197
14	0.3	zero	0.559317412	0.985754174	0.848428388416063	0.6723575	1.25329772525957	0.842664125311211	0.559317412182201	0.936840415592661	0.0580732805316942	0.00919752130972729	0.000178018362443899	1.00428923579653	1.26038509515495
14	0.6	zero	0.297712599	0.978462982	0.738385449352169	0.5845191	1.23890365854113	0.724162851477169	0.297712598552384	0.936838344957477	0.0580664700360555	0.016466493067322	0.000318709577540016	1.01169001763839	1.25986137207302
14	0.9	zero	0.079416971	0.954706179	0.669264669670994	0.519835	1.25831508785682	0.65411622369605	0.0794169709672095	0.936830367518954	0.05804263878363	0.0401661071066243	0.000777416476905071	1.03581652988611	1.28502127403663
15	0	zero	0.721793213	0.990341406	0.894052349447766	0.7262577	1.25267197597919	0.909762668129102	0.721793212703829	0.937249478605992	0.058891212090232	0.00584366846336383	0.000113104417536156	1.00209746357712	1.23186025523281
15	0.3	zero	0.585397924	0.987597852	0.896268619372859	0.7107455	1.26130892915449	0.896469645506373	0.585397924244462	0.937252797803896	0.0588960521630988	0.00858567125104235	0.000166175982106807	1.00490069720014	1.26027313048727
15	0.6	zero	0.321049823	0.980636452	0.77717197431292	0.6120428	1.29105695790154	0.790182115473541	0.321049822532804	0.93724807274885	0.0588854377748186	0.0155267572784526	0.000300520956863755	1.01196078875899	1.2675195210199
15	0.9	zero	0.079560834	0.956452708	0.664748716340744	0.514558	1.14580206001395	0.589581616396658	0.0795608338812319	0.93724422954223	0.0588718596514692	0.0397830297812016	0.000770002001214863	1.03666912097611	1.29030395217717
16	0	zero	0.775084794	0.991738224	0.935561828762496	0.7444285	1.16706904992548	0.86879946223245	0.775084793765489	0.937650237147133	0.0595037813678641	0.00547781925776384	0.000106023392737286	1.0027378611655	1.25806412821816
16	0.3	zero	0.611561553	0.989173844	0.856456972187833	0.6859997	1.16765275582944	0.801009440203169	0.611561552947987	0.937649167504266	0.0595013915268728	0.00801466390675369	0.000155124114005539	1.0053203470519	1.24886496169462
16	0.6	zero	0.343104713	0.982555098	0.784668068490063	0.6213362	1.20362107024775	0.74785334202767	0.34310471253266	0.937646275612672	0.0594949443564488	0.0146318471293292	0.000283199938089611	1.01205626703654	1.26185529897676
16	0.9	zero	0.081759771	0.958115169	0.688591604823604	0.5254612	1.22744055495025	0.644972386932824	0.0817597706675483	0.937641333691259	0.0594807999830272	0.0392116574823149	0.000758943069403958	1.03709273422601	1.30858556969427
17	0	zero	0.787113646	0.992899582	0.934105261136147	0.7481109	1.25980370621257	0.942472884478021	0.787113645754193	0.938038609517662	0.0599199488951284	0.00509481867482004	9.86104024005735e-05	1.00315198749001	1.25027685343344
17	0.3	zero	0.644905014	0.990504062	0.863046853257198	0.6908717	1.23556533203096	0.853617121401294	0.644905013504317	0.938035330816441	0.059916023108473	0.00747852930660425	0.000144747209146707	1.00557463044067	1.24998685192976
17	0.6	zero	0.364085571	0.984232427	0.756362811664803	0.6053011	1.27199259906747	0.769938519407399	0.364085570682568	0.938032356503386	0.0599105323593803	0.0137240365548823	0.000265629231109962	1.01193255464876	1.24938370576243
17	0.9	zero	0.080641228	0.959689382	0.684316931182238	0.5301029	1.27141178244275	0.673979072967071	0.0806412275667048	0.938027497513467	0.0598980789851105	0.0384440698658127	0.000744086382920675	1.03711373274731	1.29037700868646
18	0	zero	0.811618787	0.993846064	0.933668375698571	0.7458409	1.27381673835931	0.950064622572972	0.811618787088108	0.938410551557646	0.0601548697647092	0.00474147919916673	9.17715038838542e-05	1.00339867202541	1.25383539749058
18	0.3	zero	0.684413653	0.991609159	0.877174978065095	0.6963183	1.28644809759314	0.895777352354289	0.684413652945763	0.938406895635433	0.0601520523481687	0.00698233941011434	0.000135143435492938	1.00567643082921	1.26138523581557
18	0.6	zero	0.398916316	0.985682814	0.81169168688708	0.6396881	1.29801450309115	0.830324431254822	0.398916315713682	0.938405605045928	0.0601483333471532	0.0128967388547635	0.000249616853767275	1.01170029410161	1.26925110851006
18	0.9	zero	0.082442648	0.961172501	0.661383534077235	0.5123019	1.29588280790928	0.663883224669259	0.0824426482010213	0.938400500117716	0.0601376874120979	0.0375266098789382	0.000726328911209415	1.03679112631996	1.29057307425218
19	0	zero	0.836019001	0.994596723	0.946397529314632	0.7543317	1.29516155925651	0.976981420768614	0.836019000917621	0.938766996730928	0.0602296776251199	0.00442194386908517	8.55868858450866e-05	1.00350420511098	1.25800805190979
19	0.3	zero	0.699213862	0.992508481	0.8849664844939	0.7070272	1.32083692942318	0.933867635866669	0.699213862330525	0.938764117590178	0.0602282151365863	0.00651865340747386	0.000126168775897323	1.00563715491014	1.25446746248244
19	0.6	zero	0.429289059	0.986921014	0.780938548461795	0.6180392	1.24947559477308	0.772224897013079	0.429289058918334	0.938764975569021	0.0602250287241436	0.0120887852929168	0.00023397888293066	1.01131276846901	1.26418538272696
19	0.9	zero	0.085111226	0.962562823	0.675572090999882	0.5248891	1.30898684804337	0.687072928581321	0.0851112256645843	0.938761935767628	0.0602157836040174	0.0365134385033779	0.000706718942058104	1.03619787681708	1.28785573274048
20	0	zero	0.837950747	0.99516918	0.939064355607078	0.7556922	1.2752893963086	0.963726249533118	0.837950747391315	0.939117242647495	0.0601599703746985	0.00413286967414726	7.99918441947659e-05	1.00349007454054	1.24648474219173
20	0.3	zero	0.713140891	0.993220066	0.875334694507017	0.7056523	1.28922015154285	0.909741165142561	0.713140890538245	0.939111309526413	0.0601607680720266	0.00607581466586056	0.00011759761580386	1.0054654898801	1.24413466911119
20	0.6	zero	0.455100936	0.987961797	0.808985129172284	0.6395925	1.26554172351169	0.809430994795151	0.455100935979748	0.939111398578313	0.0601574484647879	0.0113215927059834	0.000219129842259177	1.01080956959134	1.2668969860086
20	0.9	zero	0.088857081	0.963859629	0.685602008672755	0.5284541	1.30102712174693	0.687533116698364	0.0888570812455072	0.93910835938896	0.0601487478054507	0.035527888751812	0.000687643590452754	1.03547263953668	1.29835850123678
