t	P	cov	va.term4	va.term1	va.term2	va.term3	exp.vg	var.pheno	vg_HEreg	vg_HEreg_new	vg_HEreg_cov	vg_123	vg_HEreg_noa	vg_HEreg_a
0	0	neg	-0.015848721	0.929264401	0.007927055	0.007927055	0.929269789	1.158787364	0.2891494	0.335062671	0.7906465	0.929264401	0.334550058038452	0.793949648517777
0	0	pos	0.133142434	0.929264401	0.007927055	0.007927055	1.078260945	1.345188539	1.974716	2.656365331	0.7906465	0.929264401	2.66675567087872	0.793077406394292
0	0.3	neg	-0.015848721	0.929264401	0.007927055	0.007927055	0.929269789	1.158787364	0.2891494	0.335062671	0.790646526	0.929264401	0.334550058038451	0.793949648517779
0	0.3	pos	0.133142434	0.929264401	0.007927055	0.007927055	1.078260945	1.345188539	1.974716	2.656365331	0.790646526	0.929264401	2.66675567087872	0.793077406394292
0	0.6	neg	-0.015848721	0.929264401	0.007927055	0.007927055	0.929269789	1.158787364	0.2891494	0.335062671	0.790646526	0.929264401	0.334550058038456	0.793949648517781
0	0.6	pos	0.133142434	0.929264401	0.007927055	0.007927055	1.078260945	1.345188539	1.974716	2.656365331	0.790646526	0.929264401	2.66675567087872	0.793077406394288
0	0.9	neg	-0.015848721	0.929264401	0.007927055	0.007927055	0.929269789	1.158787364	0.2891494	0.335062671	0.790646526	0.929264401	0.334550058038452	0.793949648517778
0	0.9	pos	0.133142434	0.929264401	0.007927055	0.007927055	1.078260945	1.345188539	1.974716	2.656365331	0.790646526	0.929264401	2.66675567087872	0.793077406394286
1	0	neg	-0.022441808	0.929935674	0.015053234	0.011224719	0.933771818	1.169102178	0.2130455	0.249071958	0.5671527	0.933764189	0.249074857357604	0.623255907771654
1	0	pos	0.188529841	0.929935674	0.015053234	0.011224719	1.144743467	1.436904022	2.26997	3.261729024	0.5673374	0.933764189	3.25528449511254	0.62204217906758
1	0.3	neg	-0.024738136	0.929935674	0.015053234	0.012373273	0.932624044	1.1704869	0.1823641	0.21345479	0.565807754	0.932615635	0.212088464051411	0.594252404905823
1	0.3	pos	0.207820908	0.929935674	0.015053234	0.012373273	1.165183089	1.450054959	2.339822	3.392870494	0.564671358	0.932615635	3.399452909225	0.596703764873412
1	0.6	neg	-0.027034465	0.929935674	0.015053234	0.013521828	0.93147627	1.165842349	0.1607611	0.187422098	0.459579289	0.93146708	0.18629824431718	0.57677103778975
1	0.6	pos	0.227111975	0.929935674	0.015053234	0.013521828	1.18562271	1.485739702	2.40058	3.566637014	0.452275498	0.93146708	3.58115832219618	0.574329688732182
1	0.9	neg	-0.029330793	0.929935674	0.015053234	0.014670382	0.930328497	1.161270475	0.1421569	0.165082611	0.407332601	0.930318526	0.16441313707234	0.55568494133358
1	0.9	pos	0.246403043	0.929935674	0.015053234	0.014670382	1.206062332	1.507954156	2.405554	3.627465153	0.403201854	0.930318526	3.63994115372385	0.552076830732781
2	0	neg	-0.024635792	0.93058408	0.021441367	0.012322084	0.939711739	1.183625546	0.2109172	0.249646986	0.6267943	0.939703363	0.247471600973028	0.518067157611767
2	0	pos	0.206961133	0.93058408	0.021441367	0.012322084	1.171308664	1.462323833	2.468727	3.610078328	0.6265264	0.939703363	3.61116575290549	0.50736327706153
2	0.3	neg	-0.029329165	0.93058408	0.021441367	0.014669568	0.93736585	1.166955842	0.160869	0.187727019	0.565515824	0.937355879	0.189735452795097	0.465312896509406
2	0.3	pos	0.246389369	0.93058408	0.021441367	0.014669568	1.213084384	1.518361035	2.479031	3.764064075	0.56502133	0.937355879	3.74730273248904	0.462325353984614
2	0.6	neg	-0.03468797	0.93058408	0.021441367	0.017349881	0.934687358	1.171965318	0.1224996	0.143565283	0.414981948	0.934675566	0.142451545482001	0.415081491017219
2	0.6	pos	0.291407788	0.93058408	0.021441367	0.017349881	1.260783117	1.567452299	2.532039	3.968850352	0.424040389	0.934675566	3.99311275263159	0.410839061485592
2	0.9	neg	-0.040712208	0.93058408	0.021441367	0.020363024	0.931676264	1.167830581	0.09418426	0.109991259	0.311764548	0.931662423	0.109813490040671	0.378052196183427
2	0.9	pos	0.342016389	0.93058408	0.021441367	0.020363024	1.314404861	1.642570131	2.528675	4.153526027	0.315792459	0.931662423	4.15723851420082	0.363416106850656
3	0	neg	-0.024771465	0.9312104	0.027149765	0.012389943	0.945978642	1.188831879	0.2314812	0.27519223	0.629637	0.945970222	0.27553538284202	0.474838355641166
3	0	pos	0.2081009	0.9312104	0.027149765	0.012389943	1.178851007	1.474407383	2.605119	3.841006686	0.6291857	0.945970222	3.87793011664255	0.464363148327378
3	0.3	neg	-0.031287731	0.9312104	0.027149765	0.015649184	0.942721617	1.183636413	0.1595031	0.188793677	0.546752	0.942710981	0.187632951403169	0.389437665080709
3	0.3	pos	0.262842949	0.9312104	0.027149765	0.015649184	1.236852297	1.559322406	2.662277	4.151348177	0.550574465	0.942710981	4.13740519699916	0.39330168730263
3	0.6	neg	-0.039678259	0.9312104	0.027149765	0.019845874	0.93852778	1.171676082	0.1092209	0.127971516	0.397395223	0.938514291	0.128714013048999	0.324251684291413
3	0.6	pos	0.333330356	0.9312104	0.027149765	0.019845874	1.311536394	1.63979037	2.617495	4.292143096	0.396728628	0.938514291	4.28397093699259	0.317546238350049
3	0.9	neg	-0.050232292	0.9312104	0.027149765	0.025124685	0.933252557	1.166344643	0.07187898	0.083835663	0.253179958	0.93323548	0.0830746368608109	0.263898107508812
3	0.9	pos	0.421993014	0.9312104	0.027149765	0.025124685	1.405477863	1.747091158	2.547219	4.450223792	0.255499073	0.93323548	4.50698913716622	0.254701986922398
4	0	neg	-0.023974914	0.931815384	0.032232528	0.011991532	0.952064531	1.186720307	0.2580431	0.306224987	0.6985647	0.95205638	0.306686961518231	0.453674401274906
4	0	pos	0.201409206	0.931815384	0.032232528	0.011991532	1.177448651	1.472376471	2.532357	3.728582863	0.698512	0.95205638	3.71389911340659	0.446996392916328
4	0.3	neg	-0.031655356	0.931815384	0.032232528	0.015833059	0.948225615	1.192556624	0.1716656	0.204720948	0.572477696	0.948214853	0.204205473618565	0.360165141648231
4	0.3	pos	0.265931306	0.931815384	0.032232528	0.015833059	1.245812278	1.560277957	2.6911	4.19886401	0.573332212	0.948214853	4.1832992660795	0.361391846813982
4	0.6	neg	-0.042672422	0.931815384	0.032232528	0.021343464	0.942718955	1.171171739	0.1069836	0.125296169	0.396784262	0.942704448	0.126586228684079	0.273928773316134
4	0.6	pos	0.358483817	0.931815384	0.032232528	0.021343464	1.343875194	1.67049588	2.663972	4.45015425	0.403690093	0.942704448	4.46707550769443	0.268075051715344
4	0.9	neg	-0.058106221	0.931815384	0.032232528	0.029062987	0.935004679	1.172064911	0.05958395	0.069836257	0.231798998	0.934984925	0.0695181506414187	0.198627807784802
4	0.9	pos	0.488140561	0.931815384	0.032232528	0.029062987	1.48125146	1.844367059	2.555582	4.713431257	0.22552445	0.934984925	4.7452621582481	0.193222127775474
5	0	neg	-0.022785858	0.932399761	0.036739844	0.011396802	0.957750549	1.201168978	0.2891496	0.34731753	0.7192588	0.957742803	0.345219060786579	0.456759714594565
5	0	pos	0.191420153	0.932399761	0.036739844	0.011396802	1.17195656	1.464294939	2.526818	3.700006809	0.7198479	0.957742803	3.74131188777864	0.468132933405362
5	0.3	neg	-0.031081826	0.932399761	0.036739844	0.015546196	0.953603975	1.19583477	0.1866178	0.223164054	0.594419378	0.953593409	0.221391266920667	0.344145756371293
5	0.3	pos	0.26111318	0.932399761	0.036739844	0.015546196	1.245798981	1.564131325	2.768238	4.32988777	0.598271386	0.953593409	4.32627155293742	0.34947717807175
5	0.6	neg	-0.044181812	0.932399761	0.036739844	0.022098416	0.947056209	1.186875841	0.1074229	0.127497645	0.400693965	0.947041189	0.128236165247151	0.246373675220158
5	0.6	pos	0.371163952	0.932399761	0.036739844	0.022098416	1.362401974	1.69631098	2.785932	4.725807041	0.385468258	0.947041189	4.71159491986509	0.234872952502539
5	0.9	neg	-0.064527303	0.932399761	0.036739844	0.03227462	0.936886922	1.175796851	0.05359657	0.063018678	0.202526843	0.936864985	0.0626952540528308	0.159058315261391
5	0.9	pos	0.542082984	0.932399761	0.036739844	0.03227462	1.543497209	1.921698056	2.558914	4.917460058	0.194965759	0.936864985	4.93635543219912	0.153470705782906
6	0	neg	-0.021461101	0.932964232	0.040718256	0.010734198	0.962955585	1.202156185	0.3211843	0.386113693	0.7531126	0.96294829	0.382255208338314	0.46869172163573
6	0	pos	0.180291088	0.932964232	0.040718256	0.010734198	1.164707774	1.450368542	2.477993	3.594003095	0.752608	0.96294829	3.61499367798962	0.477138329205342
6	0.3	neg	-0.029971249	0.932964232	0.040718256	0.014990719	0.958701957	1.200968075	0.2103994	0.252682962	0.585010833	0.958691769	0.253597245646054	0.352121995399235
6	0.3	pos	0.251783407	0.932964232	0.040718256	0.014990719	1.240456613	1.534325668	2.774098	4.256369766	0.579804577	0.958691769	4.30660490568602	0.353567377010955
6	0.6	neg	-0.044597711	0.932964232	0.040718256	0.022306436	0.951391213	1.19693149	0.1115189	0.133480483	0.401596199	0.951376052	0.133232991873722	0.228998977254521
6	0.6	pos	0.374657844	0.932964232	0.040718256	0.022306436	1.370646768	1.713260808	2.815804	4.824206635	0.394584624	0.951376052	4.86451956914228	0.226600602511161
6	0.9	neg	-0.069669059	0.932964232	0.040718256	0.034846372	0.9388598	1.168700406	0.04892357	0.057176996	0.199273092	0.938836116	0.0574179907810971	0.132384323896057
6	0.9	pos	0.585278013	0.932964232	0.040718256	0.034846372	1.593806873	1.990437783	2.596102	5.167379508	0.187851921	0.938836116	5.20656248301624	0.128913710395454
7	0	neg	-0.020121061	0.933509475	0.044210917	0.010063951	0.967663281	1.208878788	0.355792	0.430109402	0.7496809	0.967656441	0.429519773908576	0.497196650098489
7	0	pos	0.169033638	0.933509475	0.044210917	0.010063951	1.15681798	1.44460064	2.409505	3.480772465	0.7491748	0.967656441	3.48192190753331	0.502640535115537
7	0.3	neg	-0.028573739	0.933509475	0.044210917	0.014291727	0.963438379	1.208078201	0.231544	0.279723259	0.656508732	0.963428665	0.278383398420572	0.361324675259282
7	0.3	pos	0.240043163	0.933509475	0.044210917	0.014291727	1.232055281	1.537543128	2.801109	4.306825893	0.659165101	0.963428665	4.36268816463805	0.368264234696178
7	0.6	neg	-0.044218872	0.933509475	0.044210917	0.022116952	0.955618472	1.199081704	0.1176272	0.141044623	0.382357309	0.95560344	0.141137571140654	0.220222104184916
7	0.6	pos	0.37147528	0.933509475	0.044210917	0.022116952	1.371312624	1.712511462	2.893352	4.954898464	0.402443333	0.95560344	4.93977142450828	0.214592136880816
7	0.9	neg	-0.073687114	0.933509475	0.044210917	0.036856082	0.94088936	1.180575833	0.04598083	0.054283857	0.168477455	0.94086431	0.0535880900818121	0.112814257081891
7	0.9	pos	0.619033013	0.933509475	0.044210917	0.036856082	1.633609487	2.034652931	2.586118	5.26185257	0.165460814	0.94086431	5.31973386045765	0.111085202730573
8	0	neg	-0.018820532	0.934036144	0.047257828	0.009413465	0.971886906	1.213380458	0.3945707	0.478764377	0.7939075	0.971880507	0.482851869849334	0.538064448763447
8	0	pos	0.158108114	0.934036144	0.047257828	0.009413465	1.148815551	1.422281944	2.441359	3.472300825	0.7937937	0.971880507	3.50587775783654	0.524590646847185
8	0.3	neg	-0.027042968	0.934036144	0.047257828	0.013526081	0.967777085	1.212755125	0.2604017	0.315803496	0.679055619	0.967767891	0.315861806829836	0.384189621621477
8	0.3	pos	0.227183415	0.934036144	0.047257828	0.013526081	1.222003469	1.532852579	2.75641	4.225170176	0.672370187	0.967767891	4.25460670339789	0.38509585549433
8	0.6	neg	-0.043272792	0.934036144	0.047257828	0.021643751	0.959664932	1.202949276	0.1251409	0.150538155	0.377836599	0.959650221	0.15040377190093	0.218946901643058
8	0.6	pos	0.363527423	0.934036144	0.047257828	0.021643751	1.366465146	1.723753356	2.863688	4.936291801	0.378915493	0.959650221	4.90074507071444	0.220851021407121
8	0.9	neg	-0.076720907	0.934036144	0.047257828	0.038373495	0.94294656	1.185445555	0.04390947	0.052052286	0.158092078	0.942920477	0.0518066661672782	0.102212686135145
8	0.9	pos	0.6445194	0.934036144	0.047257828	0.038373495	1.664186867	2.087120107	2.602675	5.432095324	0.164482585	0.942920477	5.44920605377933	0.0997335343625126
9	0	neg	-0.017582837	0.934544874	0.049896056	0.008794407	0.9756525	1.233662034	0.4245024	0.523692494	0.8340306	0.975646523	0.517835348871615	0.55875772936311
9	0	pos	0.147710449	0.934544874	0.049896056	0.008794407	1.140945787	1.421022332	2.272375	3.229095621	0.834268	0.975646523	3.25271367210506	0.566247727085766
9	0.3	neg	-0.02547228	0.934544874	0.049896056	0.01274047	0.97170912	1.209725689	0.290715	0.351685404	0.677589751	0.97170046	0.358395535094256	0.417403239020192
9	0.3	pos	0.213988328	0.934544874	0.049896056	0.01274047	1.211169728	1.505183721	2.700178	4.064263971	0.679129358	0.97170046	4.10148810595185	0.401014515671421
9	0.6	neg	-0.041932129	0.934544874	0.049896056	0.020973192	0.963481993	1.200516887	0.1345967	0.161585611	0.414387836	0.963467738	0.161937043966408	0.221981031750861
9	0.6	pos	0.352264739	0.934544874	0.049896056	0.020973192	1.357678861	1.690213627	2.956344	4.996852914	0.40542321	0.963467738	5.01491313028646	0.222761348254738
9	0.9	neg	-0.078895256	0.934544874	0.049896056	0.039461038	0.945006713	1.176128058	0.04374299	0.051447358	0.151180382	0.944979892	0.0516259492168214	0.0935230157563684
9	0.9	pos	0.662785732	0.934544874	0.049896056	0.039461038	1.686687701	2.112702548	2.604289	5.502088006	0.147899054	0.944979892	5.54305249904031	0.0925496597869571
10	0	neg	-0.016416311	0.935036274	0.052159941	0.008210946	0.97899085	1.216417847	0.4667921	0.567814241	0.8594479	0.978985269	0.580971721948778	0.615498988777732
10	0	pos	0.137910662	0.935036274	0.052159941	0.008210946	1.133317823	1.401520774	2.211732	3.099788344	0.8596536	0.978985269	3.12955790506146	0.590681814999748
10	0.3	neg	-0.023917351	0.935036274	0.052159941	0.011962741	0.975241605	1.222657664	0.3163934	0.386840815	0.70975117	0.975233474	0.389529410546236	0.439525336991914
10	0.3	pos	0.200925632	0.935036274	0.052159941	0.011962741	1.200084588	1.495042219	2.678001	4.003724556	0.701301655	0.975233474	4.04546919598073	0.434111152757631
10	0.6	neg	-0.040327374	0.935036274	0.052159941	0.020170542	0.967039383	1.208004274	0.1479717	0.178750446	0.418464421	0.967025673	0.178979889335704	0.232606770776035
10	0.6	pos	0.338783464	0.935036274	0.052159941	0.020170542	1.346150221	1.67368909	2.982897	4.992442165	0.426933409	0.967025673	5.01629890933593	0.234502884661545
10	0.9	neg	-0.080321765	0.935036274	0.052159941	0.040174535	0.947048986	1.186115982	0.0426834	0.050627463	0.142452062	0.94702168	0.0505006456041749	0.0876092138169133
10	0.9	pos	0.674769593	0.935036274	0.052159941	0.040174535	1.702140343	2.114320389	2.630932	5.56263317	0.140399376	0.94702168	5.55758935924496	0.0842714035534237
11	0	neg	-0.015322246	0.935510935	0.054081283	0.007663727	0.981933701	1.229922316	0.4903835	0.60313361	0.8669506	0.981928491	0.602816196727144	0.627002005130901
11	0	pos	0.128719601	0.935510935	0.054081283	0.007663727	1.125975547	1.408462626	2.024305	2.851157936	0.8667081	0.981928491	2.84644530060251	0.631699435341258
11	0.3	neg	-0.022410405	0.935510935	0.054081283	0.011209012	0.978390826	1.225651184	0.3444442	0.422168442	0.734482451	0.978383206	0.422189902995849	0.46378380731998
11	0.3	pos	0.188266031	0.935510935	0.054081283	0.011209012	1.189067262	1.485288626	2.617985	3.888463344	0.731250511	0.978383206	3.92733371330052	0.465776449792462
11	0.6	neg	-0.03855663	0.935510935	0.054081283	0.019284869	0.970320458	1.210158571	0.1603448	0.194042634	0.455163533	0.970307349	0.194147033661266	0.242535802598035
11	0.6	pos	0.323907747	0.935510935	0.054081283	0.019284869	1.332784835	1.65910767	2.996312	4.97120422	0.448397066	0.970307349	4.99406378329826	0.247465568109564
11	0.9	neg	-0.081100115	0.935510935	0.054081283	0.040563843	0.949055947	1.188787076	0.04313207	0.051274847	0.137185568	0.949028375	0.0508862189265519	0.0832116128813206
11	0.9	pos	0.681308383	0.935510935	0.054081283	0.040563843	1.711464444	2.157116849	2.622033	5.656031563	0.135973525	0.949028375	5.66352387586875	0.083694521240148
12	0	neg	-0.014298714	0.935969428	0.055689527	0.007151787	0.984512029	1.227051005	0.5173013	0.63475508	0.8707124	0.984507168	0.633111307214888	0.652041627111323
12	0	pos	0.12012108	0.935969428	0.055689527	0.007151787	1.118931823	1.420808843	1.992781	2.831360867	0.8705286	0.984507168	2.82000759693369	0.671015331055257
12	0.3	neg	-0.020969122	0.935969428	0.055689527	0.010488126	0.981177959	1.234073145	0.3728983	0.460183778	0.7344849	0.981170829	0.457820906555938	0.492425535967822
12	0.3	pos	0.17615806	0.935969428	0.055689527	0.010488126	1.178305141	1.46889757	2.555672	3.754020391	0.745385459	0.981170829	3.81618522727658	0.494362009964574
12	0.6	neg	-0.036693157	0.935969428	0.055689527	0.018352815	0.973318614	1.212293035	0.1766355	0.214133986	0.45530733	0.97330614	0.213418273495785	0.256822924940956
12	0.6	pos	0.308253019	0.935969428	0.055689527	0.018352815	1.318264789	1.6315533	2.950691	4.814209638	0.451944818	0.97330614	4.90045648263759	0.264500154908693
12	0.9	neg	-0.081319226	0.935969428	0.055689527	0.040673436	0.951013165	1.181548726	0.04314097	0.050973158	0.127304648	0.950985519	0.0511982341098538	0.0808474839718476
12	0.9	pos	0.683149103	0.935969428	0.055689527	0.040673436	1.715481494	2.151646114	2.672363	5.749979463	0.133486375	0.950985519	5.73283113413004	0.0795304466195156
13	0	neg	-0.013342404	0.936412303	0.057011922	0.00667347	0.986755291	1.237943368	0.5465202	0.676561057	0.9118956	0.986750755	0.67834626233609	0.692436284567528
13	0	pos	0.112087288	0.936412303	0.057011922	0.00667347	1.112184984	1.379646394	1.897148	2.617393398	0.9120495	0.986750755	2.63191407550637	0.686378704334003
13	0.3	neg	-0.019602225	0.936412303	0.057011922	0.009804445	0.983626445	1.229418606	0.4013912	0.49347781	0.765354238	0.98361978	0.496850701528332	0.526597136665062
13	0.3	pos	0.164674986	0.936412303	0.057011922	0.009804445	1.167903656	1.461997878	2.387755	3.490892744	0.760747679	0.98361978	3.45643173025795	0.514752972534128
13	0.6	neg	-0.034791183	0.936412303	0.057011922	0.017401505	0.976034547	1.223629556	0.1965022	0.2404459	0.469963955	0.97602272	0.241622017050607	0.28060396762676
13	0.6	pos	0.292274862	0.936412303	0.057011922	0.017401505	1.303100593	1.643968963	2.991399	4.917767111	0.473331612	0.97602272	4.90380685831169	0.28110510172735
13	0.9	neg	-0.081058316	0.936412303	0.057011922	0.040542936	0.952908845	1.198443557	0.0438535	0.052555945	0.128723101	0.952881289	0.052179217730134	0.0787349806824923
13	0.9	pos	0.68095724	0.936412303	0.057011922	0.040542936	1.714924402	2.145225272	2.680008	5.749220891	0.129263614	0.952881289	5.76917469190803	0.0787634856986804
14	0	neg	-0.012449499	0.936840092	0.058073679	0.006226866	0.988691137	1.241424223	0.5728707	0.711175563	0.911948	0.988686905	0.709138704906766	0.71988845423182
14	0	pos	0.10458614	0.936840092	0.058073679	0.006226866	1.105726776	1.369352576	1.761885	2.412641763	0.9116894	0.988686905	2.46291373786215	0.735114559487522
14	0.3	neg	-0.018312968	0.936840092	0.058073679	0.009159597	0.985760399	1.243960193	0.4331427	0.538812277	0.789385866	0.985754174	0.541954232310644	0.56557815856592
14	0.3	pos	0.153844157	0.936840092	0.058073679	0.009159597	1.157917524	1.45088847	2.364598	3.430767975	0.802427748	0.985754174	3.42469814354139	0.55113672943367
14	0.6	neg	-0.032890397	0.936840092	0.058073679	0.016450789	0.978474163	1.228577176	0.2132419	0.261984131	0.461547096	0.978462982	0.259150049659919	0.292991521654613
14	0.6	pos	0.276306674	0.936840092	0.058073679	0.016450789	1.287671234	1.616260951	2.954573	4.775360968	0.469890087	0.978462982	4.72040557666044	0.292135290608277
14	0.9	neg	-0.080387856	0.936840092	0.058073679	0.040207592	0.954733507	1.194466246	0.04524722	0.054046277	0.12927785	0.954706179	0.0540939837613323	0.0781152674617392
14	0.9	pos	0.675324818	0.936840092	0.058073679	0.040207592	1.710446181	2.119577178	2.726361	5.778732555	0.129524938	0.954706179	5.85769749767908	0.0782851332529777
15	0	neg	-0.011616081	0.937253308	0.058898113	0.005810015	0.990345356	1.235571621	0.5899627	0.72894117	0.8947224	0.990341406	0.72731455822232	0.736385213937294
15	0	pos	0.097584735	0.937253308	0.058898113	0.005810015	1.099546172	1.378414966	1.712455	2.360473601	0.8948615	0.990341406	2.36908506956173	0.751101738388227
15	0.3	neg	-0.017101324	0.937253308	0.058898113	0.008553569	0.987603666	1.240924004	0.4562741	0.566201483	0.837797194	0.987597852	0.560161234846022	0.578583925489302
15	0.3	pos	0.143665338	0.937253308	0.058898113	0.008553569	1.148370329	1.431184098	2.216925	3.172827807	0.841768429	0.987597852	3.20009538882696	0.593556461128278
15	0.6	neg	-0.031019392	0.937253308	0.058898113	0.015514969	0.980646998	1.230441151	0.236494	0.290991949	0.501466468	0.980636452	0.291871370070884	0.323001378815712
15	0.6	pos	0.260588683	0.937253308	0.058898113	0.015514969	1.272255073	1.588341212	2.910575	4.622986224	0.501824566	0.980636452	4.63226658054084	0.320718818102306
15	0.9	neg	-0.079370442	0.937253308	0.058898113	0.039698713	0.956479692	1.191774304	0.04687193	0.055860762	0.1244834	0.956452708	0.0559112645863881	0.0779416479610236
15	0.9	pos	0.666777696	0.937253308	0.058898113	0.039698713	1.70262783	2.125996869	2.744307	5.834388089	0.122327915	0.956452708	5.83830424986808	0.0765546761926867
16	0	neg	-0.010838326	0.937652449	0.05950678	0.005421005	0.991741909	1.229940678	0.6098806	0.750116959	0.9369138	0.991738224	0.755219430365367	0.762018372940398
16	0	pos	0.091050944	0.937652449	0.05950678	0.005421005	1.093631179	1.357979545	1.605276	2.179931972	0.937106	0.991738224	2.19810785102001	0.768074969966758
16	0.3	neg	-0.015965342	0.937652449	0.05950678	0.007985385	0.989179272	1.240899704	0.486036	0.603121929	0.809723825	0.989173844	0.596693765171296	0.611597070204626
16	0.3	pos	0.134122144	0.937652449	0.05950678	0.007985385	1.139266758	1.420058776	2.116456	3.005491916	0.814116613	0.989173844	3.0186174483774	0.62745006272135
16	0.6	neg	-0.029198335	0.937652449	0.05950678	0.014604131	0.982565025	1.238543764	0.2570737	0.318397028	0.525106821	0.982555098	0.314970418285913	0.34259020757461
16	0.6	pos	0.245290284	0.937652449	0.05950678	0.014604131	1.257053644	1.56078836	2.808042	4.382759267	0.517130852	0.982555098	4.41225798661758	0.348049593946898
16	0.9	neg	-0.078061582	0.937652449	0.05950678	0.03904406	0.958141707	1.198371192	0.04813337	0.057681644	0.127564559	0.958115169	0.0579249145274928	0.0789631706900421
16	0.9	pos	0.655782184	0.937652449	0.05950678	0.03904406	1.691985474	2.102450234	2.729462	5.738558021	0.127760597	0.958115169	5.78736730237867	0.0781339548359764
17	0	neg	-0.010112582	0.938037994	0.059919598	0.00505801	0.99290302	1.256556092	0.62887	0.790210429	0.9354622	0.992899582	0.781185902454525	0.786946428098201
17	0	pos	0.084954099	0.938037994	0.059919598	0.00505801	1.087969701	1.363832765	1.534382	2.092640446	0.9357509	0.992899582	2.08182788323707	0.786785633478
17	0.3	neg	-0.014901994	0.938037994	0.059919598	0.00745353	0.990509128	1.241254777	0.5147399	0.63892336	0.82994282	0.990504062	0.637195809106837	0.65060297588983
17	0.3	pos	0.125189135	0.938037994	0.059919598	0.00745353	1.130600257	1.427490084	2.008291	2.866815489	0.824804284	0.990504062	2.82255718893597	0.646063482356371
17	0.6	neg	-0.027441002	0.938037994	0.059919598	0.013725165	0.984241756	1.237629482	0.2823158	0.349402357	0.521132256	0.984232427	0.349176014047425	0.373937868094651
17	0.6	pos	0.230527229	0.938037994	0.059919598	0.013725165	1.242209986	1.560424152	2.838919	4.429917772	0.52515217	0.984232427	4.45039418177365	0.373950117321957
17	0.9	neg	-0.076510409	0.938037994	0.059919598	0.03826821	0.959715393	1.194896985	0.04935769	0.058977355	0.123313387	0.959689382	0.0582266064243297	0.0774966042542324
17	0.9	pos	0.642751035	0.938037994	0.059919598	0.03826821	1.678976837	2.09753052	2.734001	5.73465054	0.124268314	0.959689382	5.76890125990742	0.0809616751652458
18	0	neg	-0.009435405	0.938410406	0.060154965	0.004719307	0.993849272	1.243236721	0.6441696	0.800855301	0.9354889	0.993846064	0.799569907230223	0.803155102898869
18	0	pos	0.079265249	0.938410406	0.060154965	0.004719307	1.082549927	1.357961135	1.47791	2.006944341	0.9354806	0.993846064	1.99127007136724	0.799255742981272
18	0.3	neg	-0.013907695	0.938410406	0.060154965	0.006956212	0.991613888	1.246040455	0.5427738	0.676318113	0.844271132	0.991609159	0.677723611461813	0.687007711264559
18	0.3	pos	0.1168362	0.938410406	0.060154965	0.006956212	1.122357783	1.407103983	1.945477	2.737488435	0.841419447	0.991609159	2.75300632642394	0.685861415774602
18	0.6	neg	-0.025756359	0.938410406	0.060154965	0.012882557	0.98569157	1.241856738	0.3116492	0.387023659	0.57429964	0.985682814	0.387976332466063	0.412375796666425
18	0.6	pos	0.216374824	0.938410406	0.060154965	0.012882557	1.227822752	1.534589086	2.798066	4.293881545	0.57535944	0.985682814	4.30884197672956	0.394365296226643
18	0.9	neg	-0.074760324	0.938410406	0.060154965	0.03739287	0.961197917	1.199555439	0.05396414	0.064732978	0.121249566	0.961172501	0.0655461987951901	0.0836730863659686
18	0.9	pos	0.62804887	0.938410406	0.060154965	0.03739287	1.664007111	2.06170332	2.77159	5.714196304	0.122658554	0.961172501	5.80639759262366	0.0816432741798432
19	0	neg	-0.00880356	0.938770132	0.060229868	0.004403277	0.994599716	1.243836895	0.6627696	0.824377282	0.9492512	0.994596723	0.824304885194441	0.827778898446187
19	0	pos	0.073957224	0.938770132	0.060229868	0.004403277	1.0773605	1.353636608	1.370203	1.854756941	0.9492538	0.994596723	1.85442980633071	0.844683270131541
19	0.3	neg	-0.012978626	0.938770132	0.060229868	0.006491519	0.992512893	1.243317636	0.5656063	0.703228288	0.854654308	0.992508481	0.705065322409174	0.713110559689365
19	0.3	pos	0.109031247	0.938770132	0.060229868	0.006491519	1.114522766	1.391541846	1.845316	2.567834434	0.848409365	0.992508481	2.58639494173192	0.708870308709776
19	0.6	neg	-0.024149762	0.938770132	0.060229868	0.012078986	0.986929224	1.230961432	0.3327391	0.409588999	0.574307905	0.986921014	0.409890112882779	0.428735702594693
19	0.6	pos	0.202878074	0.938770132	0.060229868	0.012078986	1.21395706	1.520120465	2.669226	4.057545069	0.569475924	0.986921014	4.04148982740647	0.424232481181735
19	0.9	neg	-0.072849587	0.938770132	0.060229868	0.036437177	0.962587589	1.208905802	0.05566385	0.067292351	0.123728343	0.962562823	0.0673460498545374	0.0850272523562482
19	0.9	pos	0.611997091	0.938770132	0.060229868	0.036437177	1.647434267	2.052727107	2.803507	5.754834814	0.123238443	0.962562823	5.81238681574995	0.0843758068982658
20	0	neg	-0.00821402	0.939117605	0.060159981	0.004108406	0.995171972	1.251775088	0.6810603	0.852534317	0.9419844	0.99516918	0.84330640068735	0.844288173235501
20	0	pos	0.069004593	0.939117605	0.060159981	0.004108406	1.072390585	1.338613794	1.34165	1.795951197	0.9421709	0.99516918	1.78574451316617	0.834618835535862
20	0.3	neg	-0.012110922	0.939117605	0.060159981	0.00605752	0.993224183	1.25039915	0.5861792	0.732957973	0.851044511	0.993220066	0.731515277048259	0.736909518288386
20	0.3	pos	0.101741816	0.939117605	0.060159981	0.00605752	1.107076922	1.384072519	1.706225	2.361539133	0.852724569	0.993220066	2.36329474370542	0.736955974829114
20	0.6	neg	-0.022623886	0.939117605	0.060159981	0.011315789	0.987969488	1.243291232	0.3549289	0.441279989	0.586483578	0.987961797	0.439808075837277	0.458834877221337
20	0.6	pos	0.190059451	0.939117605	0.060159981	0.011315789	1.200652825	1.508553153	2.539276	3.830632817	0.59247741	0.987961797	3.80091536407088	0.457541820206786
20	0.9	neg	-0.07081184	0.939117605	0.060159981	0.035417957	0.963883702	1.204231097	0.05850995	0.070459501	0.129070626	0.963859629	0.0702136034480883	0.0859890219414252
20	0.9	pos	0.594878321	0.939117605	0.060159981	0.035417957	1.629573863	2.069102552	2.811666	5.817625296	0.124814063	0.963859629	5.76677083608932	0.0865211137746514
