t	P	cov	tau2_dicker1	tau2_dicker2	exp.theta	exp.var.theta	va.term4	va.term1	va.term2	va.term3	exp.vg	var.prs.geno	var.pheno	vg_HEreg	vg_HEreg_new	vg_HEreg_cov	vg_123	vg_HEreg_noa	vg_HEreg_a
0	0	neg	0.861236909	0.036054942	0.5	0.25	-0.120418798	0.938770132	0.060229868	0.060229868	0.93881107	0.943284156	1.177903337	0.02146585	0.025284696	0.036363284	0.938770132	0.0253035885025372	0.0368845143927932
0	0	pos	174.2114168	7.293166498	0.5	0.25	1.011618008	0.938770132	0.060229868	0.060229868	2.070847876	2.071714597	2.588355296	2.322154	6.010559603	0.036363284	0.938770132	6.01071010856287	0.0361399449821537
0	0.3	neg	0.861236909	0.036054942	0.5	0.25	-0.120418798	0.938770132	0.060229868	0.060229868	0.93881107	0.943284156	1.177903337	0.02146585	0.025284696	0.036363284	0.938770132	0.0253035885025379	0.0368845143927924
0	0.3	pos	174.2114168	7.293166498	0.5	0.25	1.011618008	0.938770132	0.060229868	0.060229868	2.070847876	2.071714597	2.588355296	2.322154	6.010559603	0.036363284	0.938770132	6.01071010856287	0.036139944982153
0	0.6	neg	0.861236909	0.036054942	0.5	0.25	-0.120418798	0.938770132	0.060229868	0.060229868	0.93881107	0.943284156	1.177903337	0.02146585	0.025284696	0.036363284	0.938770132	0.025303588502538	0.0368845143927933
0	0.6	pos	174.2114168	7.293166498	0.5	0.25	1.011618008	0.938770132	0.060229868	0.060229868	2.070847876	2.071714597	2.588355296	2.322154	6.010559603	0.036363284	0.938770132	6.01071010856287	0.036139944982153
0	0.9	neg	0.861236909	0.036054942	0.5	0.25	-0.120418798	0.938770132	0.060229868	0.060229868	0.93881107	0.943284156	1.177903337	0.02146585	0.025284696	0.036363284	0.938770132	0.025303588502538	0.0368845143927933
0	0.9	pos	174.2114168	7.293166498	0.5	0.25	1.011618008	0.938770132	0.060229868	0.060229868	2.070847876	2.071714597	2.588355296	2.322154	6.010559603	0.036363284	0.938770132	6.01071010856287	0.036139944982156
1	0	neg	0.915987574	0.118018646	0.5	0.125	-0.060209399	0.938770132	0.060229868	0.030114934	0.968905535	0.965614262	1.206445245	0.08191402	0.09882478	0.694580564	0.968885066	0.098926399433698	0.118389699141017
1	0	pos	50.00994907	6.278286819	0.5	0.125	0.505809004	0.938770132	0.060229868	0.030114934	1.534923938	1.535288756	1.915245028	2.975094	5.698033991	0.694522752	0.968885066	5.69864855165001	0.113390398266019
1	0.3	neg	0.904722073	0.075798974	0.5	0.1625	-0.078272219	0.938770132	0.060229868	0.039149414	0.959877195	0.959912198	1.201971111	0.04988363	0.059958682	0.440867836	0.959850586	0.0600005802743992	0.0764212993449677
1	0.3	pos	77.82560709	6.583323765	0.5	0.1625	0.657551705	0.938770132	0.060229868	0.039149414	1.695701119	1.685277555	2.111175485	2.746288	5.7978959	0.440215764	0.959850586	5.79874109528537	0.0768898174005126
1	0.6	neg	0.884284063	0.052714227	0.5	0.2	-0.096335039	0.938770132	0.060229868	0.048183894	0.950848856	0.949632004	1.183330465	0.03344821	0.039580286	0.180480981	0.950816106	0.0396019153548867	0.0529799597746014
1	0.6	pos	114.9813307	6.937674497	0.5	0.2	0.809294406	0.938770132	0.060229868	0.048183894	1.856478301	1.850177633	2.315216094	2.562846	5.933542305	0.181237421	0.950816106	5.93393038383395	0.0538747205083824
1	0.9	neg	0.865746859	0.039330345	0.5	0.2375	-0.114397858	0.938770132	0.060229868	0.057218374	0.941820516	0.938519506	1.176678655	0.02388141	0.028100745	0.044893767	0.941781626	0.0281212270451358	0.0398524509725962
1	0.9	pos	160.2385158	7.247956638	0.5	0.2375	0.961037108	0.938770132	0.060229868	0.057218374	2.017255482	2.025887191	2.529909227	2.38082	6.023258485	0.044693619	0.941781626	6.02387758323141	0.0393832347203567
2	0	neg	0.960216642	0.337661969	0.5	0.0625	-0.0301047	0.938770132	0.060229868	0.015057467	0.983952767	0.985573172	1.229737113	0.2541445	0.312530924	0.784461496	0.983942533	0.312706854425899	0.335762629446268
2	0	pos	14.01588252	4.765634119	0.5	0.0625	0.252904502	0.938770132	0.060229868	0.015057467	1.266961969	1.266930854	1.580574178	2.900607	4.584624525	0.784595548	0.983942533	4.58478755791745	0.320063166500866
2	0.3	neg	0.933856899	0.155842808	0.5	0.105625	-0.050876942	0.938770132	0.060229868	0.025447119	0.973570177	0.970858454	1.215261887	0.1106433	0.134460585	0.501684901	0.973552881	0.134570197888279	0.155748181609543
2	0.3	pos	34.25240627	5.76669801	0.5	0.105625	0.427408608	0.938770132	0.060229868	0.025447119	1.451855728	1.424342227	1.770485045	3.014247	5.336679236	0.497239337	0.973552881	5.33650703879404	0.152493966020177
2	0.6	neg	0.898815708	0.07637942	0.5	0.16	-0.077068031	0.938770132	0.060229868	0.038547115	0.960479085	0.959102488	1.200100841	0.05040466	0.060490675	0.208036073	0.960452885	0.0605383119022915	0.0773113420402542
2	0.6	pos	77.19479601	6.655016027	0.5	0.16	0.647435525	0.938770132	0.060229868	0.038547115	1.684982641	1.672502465	2.100050932	2.79562	5.870944387	0.201913304	0.960452885	5.87228320697458	0.0770240230621082
2	0.9	neg	0.886354563	0.043529499	0.5	0.225625	-0.108677965	0.938770132	0.060229868	0.054357456	0.94467949	0.940860199	1.177285552	0.02692279	0.031695812	0.049128955	0.944642544	0.0317130964595955	0.0429887852255493
2	0.9	pos	146.4812801	7.144230891	0.5	0.225625	0.912985252	0.938770132	0.060229868	0.054357456	1.966342708	1.972953334	2.463835308	2.428697	5.983909421	0.048621004	0.944642544	5.98424937659976	0.0425379835811502
3	0	neg	0.986127754	0.660997949	0.5	0.03125	-0.01505235	0.938770132	0.060229868	0.007528733	0.991476384	0.991886509	1.242829025	0.5166536	0.64211209	0.897816737	0.991471267	0.642632755594051	0.652348892333012
3	0	pos	4.471026447	2.952647135	0.5	0.03125	0.126452251	0.938770132	0.060229868	0.007528733	1.132980984	1.135856019	1.423324939	2.049282	2.916794177	0.897742715	0.991471267	2.91822586193292	0.642779234221126
3	0.3	neg	0.948055873	0.292744228	0.5	0.06865625	-0.033070012	0.938770132	0.060229868	0.016540627	0.982470615	0.980404902	1.227653891	0.2182689	0.267958664	0.569318396	0.982459373	0.268124999967055	0.292323580105422
3	0.3	pos	15.78693297	4.883864207	0.5	0.06865625	0.277815595	0.938770132	0.060229868	0.016540627	1.293356223	1.287118774	1.603260764	2.916766	4.676336487	0.565922591	0.982459373	4.6764858059035	0.291094006815403
3	0.6	neg	0.920878817	0.111538224	0.5	0.128	-0.061654425	0.938770132	0.060229868	0.030837692	0.968183268	0.974405758	1.214794502	0.07618823	0.092553043	0.232956436	0.968162308	0.0926175138062613	0.113019277511326
3	0.6	pos	50.08578147	6.182516264	0.5	0.128	0.51794842	0.938770132	0.060229868	0.030837692	1.547786112	1.534182064	1.921638058	2.915699	5.602918165	0.230561883	0.968162308	5.60374721136768	0.113304803809969
3	0.9	neg	0.872051867	0.046844214	0.5	0.21434375	-0.103244067	0.938770132	0.060229868	0.051639583	0.947395516	0.941686553	1.175735802	0.02936154	0.034521414	0.053790806	0.947360417	0.0345326576767087	0.0472172172148336
3	0.9	pos	133.0580674	7.058246051	0.5	0.21434375	0.86733599	0.938770132	0.060229868	0.051639583	1.917975573	1.919593123	2.390485761	2.494369	5.962753578	0.054504254	0.947360417	5.96350010320182	0.0461319526301385
4	0	neg	0.986143652	0.876358972	0.5	0.015625	-0.007526175	0.938770132	0.060229868	0.003764367	0.995238192	0.993488345	1.24438602	0.6966817	0.866940968	0.96835927	0.995235633	0.867495418391242	0.869999372659024
4	0	pos	1.976220594	1.74689374	0.5	0.015625	0.063226125	0.938770132	0.060229868	0.003764367	1.065990492	1.074733736	1.344924266	1.291031	1.73633892	0.968464772	0.995235633	1.7375023970962	0.877660381645417
4	0.3	neg	0.971114667	0.488542095	0.5	0.044626563	-0.021495508	0.938770132	0.060229868	0.010751408	0.9882559	0.989343922	1.239916555	0.3754242	0.465494681	0.677045119	0.988248592	0.465734303274549	0.484463693167477
4	0.3	pos	7.494196238	3.765452243	0.5	0.044626563	0.180580137	0.938770132	0.060229868	0.010751408	1.190331545	1.179187421	1.477736819	2.493531	3.684782567	0.679566531	0.988248592	3.6864370366623	0.478851624282254
4	0.6	neg	0.934624532	0.161321533	0.5	0.1024	-0.04932354	0.938770132	0.060229868	0.024670154	0.974346614	0.975793848	1.212667572	0.1151794	0.139674323	0.274993504	0.974329846	0.139741855607863	0.160342628514996
4	0.6	pos	33.40601201	5.829668825	0.5	0.1024	0.414358736	0.938770132	0.060229868	0.024670154	1.43802889	1.433209642	1.789590871	3.020874	5.406128532	0.268538355	0.974329846	5.40657254641142	0.161999672676591
4	0.9	neg	0.879873984	0.051139413	0.5	0.203626563	-0.098081864	0.938770132	0.060229868	0.049057604	0.94997574	0.947283201	1.189317516	0.03208849	0.038163403	0.057050443	0.949942396	0.0381946984396495	0.0519292391049584
4	0.9	pos	120.2614085	6.948793096	0.5	0.203626563	0.82396919	0.938770132	0.060229868	0.049057604	1.872026794	1.862436267	2.336451976	2.533581	5.919590333	0.058126615	0.949942396	5.91987884905794	0.0511154132180572
5	0	neg	0.991364735	0.960506251	0.5	0.0078125	-0.003763087	0.938770132	0.060229868	0.001882183	0.997119096	0.996872729	1.246493582	0.7666924	0.955677156	0.989015595	0.997117817	0.956292959038232	0.954682057506197
5	0	pos	1.23387951	1.194001494	0.5	0.0078125	0.031613063	0.938770132	0.060229868	0.001882183	1.032495246	1.022180773	1.278653071	0.9300524	1.189214357	0.989043824	0.997117817	1.18954362740559	0.939698241696437
5	0.3	neg	0.968728177	0.675512751	0.5	0.029007266	-0.01397208	0.938770132	0.060229868	0.006988415	0.992016335	0.987766063	1.236507729	0.532538	0.658487353	0.796216658	0.992011585	0.658843659467578	0.66939947347999
5	0.3	pos	4.003430424	2.805128937	0.5	0.029007266	0.117377089	0.938770132	0.060229868	0.006988415	1.123365504	1.131522189	1.414117692	1.9634	2.776478676	0.793232232	0.992011585	2.77789362203278	0.688043451837583
5	0.6	neg	0.956423894	0.227701591	0.5	0.08192	-0.039458832	0.938770132	0.060229868	0.019736123	0.979277291	0.985381362	1.230408151	0.1653667	0.203468536	0.306313174	0.979263877	0.203590052290105	0.226852976940679
5	0.6	pos	21.71903873	5.287467535	0.5	0.08192	0.331486989	0.938770132	0.060229868	0.019736123	1.350223112	1.344395913	1.676030819	2.983062	4.999703848	0.314064769	0.979263877	5.00000872095576	0.229535059518305
5	0.9	neg	0.878809902	0.055341617	0.5	0.193445234	-0.093177771	0.938770132	0.060229868	0.046604724	0.952426953	0.955533012	1.190084121	0.03513073	0.041808524	0.062487064	0.952395276	0.0418362495547846	0.0565960467903493
5	0.9	pos	108.3145675	6.79875329	0.5	0.193445234	0.782770731	0.938770132	0.060229868	0.046604724	1.828375454	1.820801581	2.275460124	2.563839	5.83391341	0.063083085	0.952395276	5.83523978240531	0.0559453707103159
6	0	neg	1.003094344	0.995154114	0.5	0.00390625	-0.001881544	0.938770132	0.060229868	0.000941092	0.998059548	1.000876797	1.252271016	0.7921871	0.992032944	0.992257849	0.998058908	0.99264141263576	0.99173130559824
6	0	pos	1.105002798	1.096149643	0.5	0.00390625	0.015806531	0.938770132	0.060229868	0.000941092	1.015747623	1.02420176	1.285151524	0.8508601	1.093484154	0.992380122	0.998058908	1.09385909670414	1.00386429529407
6	0.3	neg	0.98258806	0.829877813	0.5	0.018854723	-0.009081852	0.938770132	0.060229868	0.00454247	0.994460618	0.992828693	1.241846308	0.6592736	0.818716486	0.90789314	0.99445753	0.819126923326535	0.82178365896299
6	0.3	pos	2.323611646	1.962373824	0.5	0.018854723	0.076295108	0.938770132	0.060229868	0.00454247	1.079837578	1.083219997	1.352473093	1.442007	1.950275667	0.914672687	0.99445753	1.95108221325865	0.826298957916804
6	0.6	neg	0.959073963	0.307959536	0.5	0.065536	-0.031567065	0.938770132	0.060229868	0.015788898	0.983221833	0.986081646	1.22883122	0.230243	0.282929787	0.37254006	0.983211102	0.283047406276548	0.304898356804589
6	0.6	pos	14.4440099	4.757867383	0.5	0.065536	0.265189591	0.938770132	0.060229868	0.015788898	1.27997849	1.272241263	1.594593818	2.8655	4.569308587	0.373808537	0.983211102	4.56986014147247	0.314826235922223
6	0.9	neg	0.887308786	0.060599653	0.5	0.183772973	-0.088518882	0.938770132	0.060229868	0.044274487	0.954755605	0.952115892	1.191182602	0.03901603	0.046475216	0.067481221	0.954725513	0.0464980283300064	0.0613726027810417
6	0.9	pos	100.0732514	6.788864998	0.5	0.183772973	0.743632194	0.938770132	0.060229868	0.044274487	1.786906682	1.785307615	2.226834509	2.635608	5.869062846	0.067932186	0.954725513	5.86963560518905	0.059905674921373
7	0	neg	0.990538371	0.988658508	0.5	0.001953125	-0.000940772	0.938770132	0.060229868	0.000470546	0.998529774	0.992852817	1.246212631	0.7921545	0.987192943	0.97457865	0.998529454	0.987785406131082	0.987012166985233
7	0	pos	1.02629996	1.02434537	0.5	0.001953125	0.007903266	0.938770132	0.060229868	0.000470546	1.007373812	1.007269344	1.258535949	0.8123774	1.022406162	0.974834895	0.998529454	1.02277411280161	0.988481729281035
7	0.3	neg	0.98889107	0.916639895	0.5	0.01225557	-0.005903204	0.938770132	0.060229868	0.002952605	0.996049401	0.994566005	1.246091164	0.7301779	0.909868229	0.945181444	0.996047395	0.9103394779253	0.910540531988648
7	0.3	pos	1.57366448	1.458404142	0.5	0.01225557	0.04959182	0.938770132	0.060229868	0.002952605	1.051544426	1.049259966	1.308161608	1.109196	1.451007623	0.947748385	0.996047395	1.45181289264133	0.902316549256788
7	0.6	neg	0.97913662	0.411080356	0.5	0.0524288	-0.025253652	0.938770132	0.060229868	0.012631119	0.986377466	0.991264903	1.243568845	0.3103748	0.385972432	0.477150353	0.986368881	0.386190651186017	0.406291645543368
7	0.6	pos	9.853679659	4.224164211	0.5	0.0524288	0.212151673	0.938770132	0.060229868	0.012631119	1.223782792	1.219683942	1.52550813	2.691115	4.105317811	0.473222821	0.986368881	4.10776262234667	0.409164714928454
7	0.9	neg	0.903891153	0.067324133	0.5	0.174584324	-0.084092938	0.938770132	0.060229868	0.042060763	0.956967825	0.958687562	1.19803955	0.04367904	0.052329217	0.073947675	0.956939237	0.0523785125309722	0.0677834827023794
7	0.9	pos	90.67751673	6.713681187	0.5	0.174584324	0.706450584	0.938770132	0.060229868	0.042060763	1.747511347	1.740311237	2.17043029	2.693742	5.846579231	0.072797141	0.956939237	5.84819657530583	0.0655416073248535
8	0	neg	1.003149983	1.002733804	0.5	0.000976563	-0.000470386	0.938770132	0.060229868	0.000235273	0.998764887	0.999777521	1.252656113	0.799647	1.001682703	0.99927878	0.998764727	1.00222079021431	1.00165251690125
8	0	pos	1.029462689	1.029252597	0.5	0.000976563	0.003951633	0.938770132	0.060229868	0.000235273	1.003186906	1.012034907	1.268551305	0.8107551	1.028484441	0.999620212	0.998764727	1.02888402029392	1.0146521343579
8	0.3	neg	0.991515442	0.960157777	0.5	0.00796612	-0.003837083	0.938770132	0.060229868	0.001919193	0.997082111	0.995552596	1.248412487	0.7653777	0.955507078	0.972371605	0.997080807	0.95607280444655	0.955028163255549
8	0.3	pos	1.286562831	1.245368531	0.5	0.00796612	0.032234683	0.938770132	0.060229868	0.001919193	1.033153877	1.034240098	1.292659157	0.9599335	1.240866829	0.970311159	0.997080807	1.24154432217861	0.951635312888597
8	0.6	neg	0.970779931	0.510937619	0.5	0.04194304	-0.020202922	0.938770132	0.060229868	0.010104895	0.988901973	0.985595838	1.237210786	0.3946244	0.488233564	0.577521266	0.988895105	0.488563196097165	0.505155219604663
8	0.6	pos	6.813274466	3.6460398	0.5	0.04194304	0.169721338	0.938770132	0.060229868	0.010104895	1.178826233	1.172151592	1.465755005	2.441353	3.578425379	0.574671061	0.988895105	3.57882379423368	0.508598955356362
8	0.9	neg	0.912956292	0.073773782	0.5	0.165855108	-0.079888291	0.938770132	0.060229868	0.039957725	0.959069434	0.96070162	1.200661918	0.04841571	0.058130899	0.07576147	0.959042275	0.0581685577053606	0.0734295426914787
8	0.9	pos	82.91993246	6.639046512	0.5	0.165855108	0.671128055	0.938770132	0.060229868	0.039957725	1.71008578	1.712396301	2.149003844	2.70939	5.822489526	0.076067676	0.959042275	5.82184040987837	0.0733093340671541
9	0	neg	0.999387628	0.999470213	0.5	0.000488281	-0.000235193	0.938770132	0.060229868	0.000117636	0.998882443	0.999868344	1.250383064	0.7985818	0.998533158	1.008796379	0.998882364	0.999140460670865	0.998604049501706
9	0	pos	0.999060715	0.998944155	0.5	0.000488281	0.001975816	0.938770132	0.060229868	0.000117636	1.001093453	1.000181724	1.247064428	0.8001831	0.99787988	1.009008406	0.998882364	0.998405352692308	0.992982854834032
9	0.3	neg	0.986652531	0.973115797	0.5	0.005177978	-0.002494104	0.938770132	0.060229868	0.001247476	0.997753372	0.992374462	1.244859824	0.7790747	0.969838794	0.977054361	0.997752524	0.970570768968917	0.969976586327917
9	0.3	pos	1.12205244	1.106780108	0.5	0.005177978	0.020952544	0.938770132	0.060229868	0.001247476	1.02120002	1.019049912	1.276801102	0.8644989	1.103793148	0.97789792	0.997752524	1.10412391429562	0.978580577038312
9	0.6	neg	0.954313823	0.601767185	0.5	0.033554432	-0.016162337	0.938770132	0.060229868	0.008083916	0.990921579	0.982779524	1.223113531	0.4761368	0.582369363	0.657964643	0.990916084	0.582916665900163	0.595439417880445
9	0.6	pos	4.989767083	3.174267132	0.5	0.033554432	0.135777071	0.938770132	0.060229868	0.008083916	1.142860987	1.146490727	1.436852744	2.182051	3.135285967	0.658421841	0.990916084	3.1344207381566	0.618277313567197
9	0.9	neg	0.916101098	0.080315623	0.5	0.157562352	-0.075893876	0.938770132	0.060229868	0.037959839	0.961065962	0.959645873	1.198947932	0.05342311	0.064051527	0.084535759	0.961040161	0.0640816170540689	0.0797513976742254
9	0.9	pos	75.29866513	6.544204407	0.5	0.157562352	0.637571652	0.938770132	0.060229868	0.037959839	1.674531491	1.674899871	2.087935382	2.766557	5.776392246	0.08440462	0.961040161	5.77801774298384	0.0785703200889055
10	0	neg	0.977188725	0.977252441	0.5	0.000244141	-0.000117596	0.938770132	0.060229868	5.88e-05	0.998941222	0.986295726	1.235522916	0.7902738	0.97640139	1.003570094	0.9989412	0.977154357016468	0.976569821271206
10	0	pos	1.007029428	1.007252569	0.5	0.000244141	0.000987908	0.938770132	0.060229868	5.88e-05	1.000046726	1.003643889	1.251395848	0.8045378	1.006795262	1.003640214	0.9989412	1.00710882049076	1.00362798145552
10	0.3	neg	1.004194231	0.998298228	0.5	0.003365686	-0.001621167	0.938770132	0.060229868	0.000810859	0.998189692	1.003446191	1.252253463	0.7956025	0.996295986	0.992964143	0.998189141	0.996947124899996	0.995838071860045
10	0.3	pos	1.046381081	1.040470208	0.5	0.003365686	0.013619154	0.938770132	0.060229868	0.000810859	1.013430013	1.004642841	1.258272595	0.824863	1.037902507	0.992418056	0.998189141	1.03841919128524	0.97563355074492
10	0.6	neg	0.966673362	0.699309517	0.5	0.026843546	-0.01292987	0.938770132	0.060229868	0.006467133	0.992537263	0.990480434	1.230275252	0.5551854	0.683030858	0.754920781	0.992532867	0.6836416931823	0.691619652169743
10	0.6	pos	3.546081299	2.590468957	0.5	0.026843546	0.108621657	0.938770132	0.060229868	0.006467133	1.114088789	1.114067067	1.392615498	1.843799	2.567703063	0.755566277	0.992532867	2.56887206290575	0.707773279945347
10	0.9	neg	0.912455676	0.086192127	0.5	0.149684235	-0.072099183	0.938770132	0.060229868	0.036061847	0.962962664	0.961193854	1.198176462	0.05792042	0.069398884	0.0916769	0.962938153	0.0694449132934072	0.0859458745449048
10	0.9	pos	67.40552977	6.409236485	0.5	0.149684235	0.60569307	0.938770132	0.060229868	0.036061847	1.640754917	1.629767471	2.029951578	2.806667	5.697398106	0.092508348	0.962938153	5.69836660549177	0.0854231637736283
11	0	neg	0.995314287	0.995521023	0.5	0.00012207	-5.88e-05	0.938770132	0.060229868	2.94e-05	0.998970611	0.999568805	1.245913517	0.7984043	0.994742709	0.993513391	0.9989706	0.995582417851765	0.994770859723072
11	0	pos	1.012560921	1.012842343	0.5	0.00012207	0.000493954	0.938770132	0.060229868	2.94e-05	0.999523363	1.004955901	1.254478992	0.8065303	1.011775317	0.993429304	0.9989706	1.0122703575617	1.0094624341578
11	0.3	neg	0.990943125	0.98856895	0.5	0.002187696	-0.001053759	0.938770132	0.060229868	0.000527059	0.9984733	0.99708409	1.243668588	0.7930863	0.986336519	0.998846668	0.998472941	0.987072977953459	0.986580289105202
11	0.3	pos	1.037625898	1.035421037	0.5	0.002187696	0.00885245	0.938770132	0.060229868	0.000527059	1.008379508	1.010947968	1.264413605	0.8175819	1.033761678	0.998809225	0.998472941	1.03427758544449	1.00257658257755
11	0.6	neg	0.982171497	0.786056946	0.5	0.021474836	-0.010343896	0.938770132	0.060229868	0.005173706	0.99382981	0.9951233	1.240353296	0.6233657	0.7731937	0.814254853	0.993826294	0.773755696208042	0.778619826248119
11	0.6	pos	2.681855925	2.165325397	0.5	0.021474836	0.086897325	0.938770132	0.060229868	0.005173706	1.091071031	1.087188903	1.352695657	1.590928	2.152041396	0.816782471	0.993826294	2.1519020711551	0.772285720319868
11	0.9	neg	0.92207799	0.094527955	0.5	0.142200023	-0.068494223	0.938770132	0.060229868	0.034258754	0.964764531	0.973304436	1.216727072	0.06314174	0.076826264	0.097608203	0.964741246	0.0768821458514388	0.0956632777079094
11	0.9	pos	62.09645367	6.386153918	0.5	0.142200023	0.575408416	0.938770132	0.060229868	0.034258754	1.608667171	1.600524325	2.000166532	2.854732	5.709939404	0.098637855	0.964741246	5.71106055358071	0.092708537012126
12	0	neg	0.984965818	0.985212168	0.5	6.1e-05	-2.94e-05	0.938770132	0.060229868	1.47e-05	0.998985305	0.991589828	1.239815359	0.7940307	0.984451457	0.984116651	0.9989853	0.985141649079291	0.984565645561601
12	0	pos	0.995160105	0.995409994	0.5	6.1e-05	0.000246977	0.938770132	0.060229868	1.47e-05	0.999261682	0.995909699	1.245527907	0.7982579	0.994252492	0.984355602	0.9989853	0.994674865655695	0.992509021069115
12	0.3	neg	0.989858605	0.988910585	0.5	0.001422002	-0.000684943	0.938770132	0.060229868	0.000342588	0.998657645	0.995860177	1.244451608	0.7937267	0.987754468	0.989525382	0.998657412	0.988316153749521	0.987740425143283
12	0.3	pos	1.017085494	1.016196498	0.5	0.001422002	0.005754092	0.938770132	0.060229868	0.000342588	1.00509668	1.00498663	1.259033441	0.8061475	1.014966661	0.989680706	0.998657412	1.01530928865359	0.993967039670704
12	0.6	neg	0.978900036	0.842803153	0.5	0.017179869	-0.008275117	0.938770132	0.060229868	0.004138965	0.994863848	0.991999874	1.23709106	0.6728989	0.832437214	0.873775167	0.994861035	0.832992975382008	0.836148443721376
12	0.6	pos	2.108768068	1.824648151	0.5	0.017179869	0.06951786	0.938770132	0.060229868	0.004138965	1.072656825	1.066594867	1.333929602	1.360652	1.81501398	0.872454805	0.994861035	1.81521561793323	0.83490236929641
12	0.9	neg	0.915376307	0.102078604	0.5	0.135090022	-0.065069512	0.938770132	0.060229868	0.032545817	0.966476304	0.969372179	1.211737012	0.0692273	0.083885282	0.104513232	0.966454183	0.0839349129349286	0.103552076113842
12	0.9	pos	57.0546106	6.369953069	0.5	0.135090022	0.546637995	0.938770132	0.060229868	0.032545817	1.578183812	1.58224434	1.976003669	2.899387	5.72919935	0.10531356	0.966454183	5.73130082142098	0.101938994506923
13	0	neg	1.001197628	1.001408257	0.5	3.05e-05	-1.47e-05	0.938770132	0.060229868	7.35e-06	0.998992653	0.997456394	1.252710049	0.7990667	1.000998885	0.994523792	0.99899265	1.0015182468625	1.00096841524542
13	0	pos	0.992915782	0.993125805	0.5	3.05e-05	0.000123489	0.938770132	0.060229868	7.35e-06	0.999130841	0.996548022	1.246195307	0.7965754	0.992688525	0.994332894	0.99899265	0.99312993125182	0.991274735656927
13	0.3	neg	1.013881412	1.013594935	0.5	0.000924301	-0.000445213	0.938770132	0.060229868	0.000222682	0.998777469	1.004767395	1.260306899	0.8036649	1.012864418	1.006659319	0.998777318	1.0133741537574	1.01278640544267
13	0.3	pos	1.009392174	1.009128068	0.5	0.000924301	0.00374016	0.938770132	0.060229868	0.000222682	1.002962842	1.002450922	1.255605511	0.8029089	1.00813684	1.006447117	0.998777318	1.00858456830406	0.994855547299639
13	0.6	neg	1.003207828	0.907364275	0.5	0.013743895	-0.006620093	0.938770132	0.060229868	0.003311172	0.995691079	1.001716513	1.254635853	0.7165729	0.899038052	0.919981356	0.995688828	0.89966218823463	0.901178908992485
13	0.6	pos	1.757894545	1.596644263	0.5	0.013743895	0.055614288	0.938770132	0.060229868	0.003311172	1.05792546	1.065407213	1.328405245	1.196054	1.588844407	0.920942583	0.995688828	1.5889838015779	0.896935545307858
13	0.9	neg	0.924035204	0.111468588	0.5	0.128335521	-0.061816037	0.938770132	0.060229868	0.030918526	0.968102489	0.970282142	1.21505698	0.0761541	0.092531571	0.1158663	0.968081474	0.0925873636984366	0.112131937346357
13	0.9	pos	51.78983779	6.268891349	0.5	0.128335521	0.519306096	0.938770132	0.060229868	0.030918526	1.549224622	1.548013398	1.937344409	2.92791	5.672370068	0.11581274	0.968081474	5.673552054683	0.110949777294699
14	0	neg	1.001023676	1.001113035	0.5	1.53e-05	-7.35e-06	0.938770132	0.060229868	3.68e-06	0.998996326	0.998980304	1.253314028	0.7981313	1.000309154	0.991437455	0.99899632	1.00089480524802	1.00018566543107
14	0	pos	0.996435204	0.996538987	0.5	1.53e-05	6.17e-05	0.938770132	0.060229868	3.68e-06	0.99906542	1.000832996	1.246251883	0.7988539	0.995573177	0.991399807	0.99899632	0.996172458964886	0.994820463295292
14	0.3	neg	0.988219635	0.988176021	0.5	0.000600796	-0.000289389	0.938770132	0.060229868	0.000144743	0.998855355	0.99434468	1.241653933	0.7950742	0.987207008	0.990393776	0.998855257	0.98782529734847	0.987307436210011
14	0.3	pos	1.031454668	1.031430065	0.5	0.000600796	0.002431104	0.938770132	0.060229868	0.000144743	1.001575847	1.012619092	1.270897932	0.8107912	1.03043286	0.990216282	0.998855257	1.03084871385733	1.0222519585973
14	0.6	neg	0.975533472	0.913244126	0.5	0.010995116	-0.005296075	0.938770132	0.060229868	0.002648938	0.996352863	0.988317379	1.23585846	0.7337545	0.906816706	0.924540397	0.996351062	0.90730960748842	0.906889188492634
14	0.6	pos	1.489788772	1.397855479	0.5	0.010995116	0.044491431	0.938770132	0.060229868	0.002648938	1.046140368	1.050243168	1.31421181	1.058574	1.391190453	0.92516496	0.996351062	1.39173168463288	0.932924206632232
14	0.9	neg	0.927619707	0.121086324	0.5	0.121918745	-0.058725235	0.938770132	0.060229868	0.0293726	0.969647365	0.970285309	1.216753288	0.08341682	0.10149769	0.126011657	0.9696274	0.101547249561522	0.121798935661575
14	0.9	pos	47.63372717	6.219876037	0.5	0.121918745	0.493340791	0.938770132	0.060229868	0.0293726	1.52171339	1.530082672	1.913257672	2.95861	5.66058328	0.125376851	0.9696274	5.66209461525499	0.120127062217665
15	0	neg	0.979369637	0.979546831	0.5	7.63e-06	-3.67e-06	0.938770132	0.060229868	1.84e-06	0.998998163	0.989262735	1.238355525	0.7903209	0.978698253	1.009240913	0.99899816	0.979271753946265	0.978644255091054
15	0	pos	0.991038136	0.99109989	0.5	7.63e-06	3.09e-05	0.938770132	0.060229868	1.84e-06	0.99903271	0.995906218	1.245151339	0.7952692	0.99023051	1.00927781	0.99899816	0.990707411125597	0.989251620911785
15	0.3	neg	0.99268736	0.992861612	0.5	0.000390517	-0.000188103	0.938770132	0.060229868	9.41e-05	0.998905981	0.996519037	1.246857519	0.7954171	0.991771792	0.999909364	0.9989059	0.992362053906035	0.991753615458242
15	0.3	pos	1.00873488	1.008756906	0.5	0.000390517	0.001580218	0.938770132	0.060229868	9.41e-05	1.000674301	1.003363909	1.254063928	0.8035217	1.00766758	0.999858185	0.9989059	1.00806281975654	1.00368816300015
15	0.6	neg	0.991249061	0.948862927	0.5	0.008796093	-0.00423686	0.938770132	0.060229868	0.00211915	0.99688229	0.997192412	1.246043665	0.7573721	0.943718708	0.9570197	0.99688085	0.944260660181958	0.943584932491483
15	0.6	pos	1.332843941	1.2794231	0.5	0.008796093	0.035593144	0.938770132	0.060229868	0.00211915	1.036712294	1.03750915	1.29931681	0.9809409	1.274553001	0.959872966	0.99688085	1.27507321113875	0.947735553456362
15	0.9	neg	0.919860623	0.131009567	0.5	0.115822808	-0.055788973	0.938770132	0.060229868	0.02790397	0.971114996	0.968348186	1.209785501	0.09160593	0.110823526	0.135450626	0.97109603	0.110912791628004	0.131538365604329
15	0.9	pos	43.04891343	6.064175846	0.5	0.115822808	0.468673751	0.938770132	0.060229868	0.02790397	1.495577721	1.492701711	1.868543969	2.966827	5.543646698	0.136256072	0.97109603	5.5463716817475	0.1294623658072
16	0	neg	0.989961393	0.990170126	0.5	3.81e-06	-1.84e-06	0.938770132	0.060229868	9.19e-07	0.998999082	0.993433355	1.244131524	0.7952167	0.989354165	0.99657461	0.998999081	0.989942839163572	0.989533893279323
16	0	pos	1.002433631	1.002679791	0.5	3.81e-06	1.54e-05	0.938770132	0.060229868	9.19e-07	0.999016355	1.00042609	1.251195271	0.8007202	1.001857327	0.996681589	0.998999081	1.00216459998955	1.00082621800115
16	0.3	neg	0.983879869	0.983938929	0.5	0.000253836	-0.000122267	0.938770132	0.060229868	6.12e-05	0.998938887	0.994736799	1.234987767	0.7963954	0.983538576	0.98835619	0.9989388	0.984059312732048	0.983729939833033
16	0.3	pos	0.987761342	0.988059427	0.5	0.000253836	0.001027141	0.938770132	0.060229868	6.12e-05	1.000088296	0.991600648	1.24425067	0.7932586	0.987012545	0.988414591	0.9989388	0.987348154164765	0.983202445947102
16	0.6	neg	0.985194285	0.958328551	0.5	0.007036874	-0.003389488	0.938770132	0.060229868	0.00169532	0.997305832	0.990961174	1.243706328	0.7666868	0.953533225	0.973028356	0.99730468	0.954156381894608	0.953310368858756
16	0.6	pos	1.236029459	1.203618772	0.5	0.007036874	0.028474516	0.938770132	0.060229868	0.00169532	1.029169836	1.034839825	1.291308112	0.9295106	1.200284578	0.973108693	0.99730468	1.20061252989188	0.972814292367293
16	0.9	neg	0.926718269	0.142714292	0.5	0.110031667	-0.052999524	0.938770132	0.060229868	0.026508771	0.972509247	0.972183057	1.215542546	0.10031761	0.121940323	0.146926131	0.972491229	0.121991039345711	0.143212567430775
16	0.9	pos	39.4508324	5.994928705	0.5	0.110031667	0.445240064	0.938770132	0.060229868	0.026508771	1.470748835	1.471323125	1.837503257	2.998211	5.509222479	0.147458086	0.972491229	5.51071905517559	0.139705222523706
17	0	neg	0.99632413	0.996394303	0.5	1.91e-06	-9.19e-07	0.938770132	0.060229868	4.6e-07	0.998999541	0.997228281	1.248580614	0.7974213	0.995644777	0.987173055	0.99899954	0.996200866587926	0.995795857539913
17	0	pos	0.990736484	0.990912671	0.5	1.91e-06	7.72e-06	0.938770132	0.060229868	4.6e-07	0.999008178	0.995180271	1.242094333	0.7972862	0.99030467	0.98723969	0.99899954	0.990746457920108	0.989172999841915
17	0.3	neg	0.989498638	0.989693834	0.5	0.000164994	-7.95e-05	0.938770132	0.060229868	3.98e-05	0.998960277	0.998972195	1.244513783	0.7944983	0.988764085	1.000123291	0.9989602	0.989349041364948	0.988930853522612
17	0.3	pos	1.020503918	1.020660989	0.5	0.000164994	0.000667642	0.938770132	0.060229868	3.98e-05	0.999707392	1.00715843	1.262817522	0.8075443	1.019781092	0.99988	0.9989602	1.02024224878242	1.0174710875557
17	0.6	neg	0.991752702	0.974221605	0.5	0.0056295	-0.00271159	0.938770132	0.060229868	0.001356256	0.997644666	0.995034806	1.242608165	0.7810093	0.970488533	0.980380351	0.997643744	0.971126644382611	0.970665393313358
17	0.6	pos	1.154153058	1.134729956	0.5	0.0056295	0.022779612	0.938770132	0.060229868	0.001356256	1.023135868	1.025151618	1.276900207	0.8861923	1.131579132	0.980024936	0.997643744	1.13192095430775	0.976196605318294
17	0.9	neg	0.924455593	0.15480442	0.5	0.104530084	-0.050349548	0.938770132	0.060229868	0.025183333	0.973833784	0.973081855	1.217141188	0.1096151	0.133417053	0.158187185	0.973816667	0.133505711074545	0.155588959002878
17	0.9	pos	36.34739252	5.958230105	0.5	0.104530084	0.422978061	0.938770132	0.060229868	0.025183333	1.447161393	1.451006785	1.810405246	3.040317	5.504205847	0.1580813	0.973816667	5.50520965589564	0.15101296544484
18	0	neg	0.990718115	0.990917476	0.5	9.54e-07	-4.59e-07	0.938770132	0.060229868	2.3e-07	0.99899977	0.995378176	1.242304983	0.7969717	0.990081914	0.997266412	0.99899977	0.990654318872234	0.990177660395639
18	0	pos	1.000215295	1.000432386	0.5	9.54e-07	3.86e-06	0.938770132	0.060229868	2.3e-07	0.999004089	0.999442618	1.249563335	0.7998972	0.999522213	0.997297278	0.99899977	1.00005941775888	0.99855150706834
18	0.3	neg	0.994479343	0.99471961	0.5	0.000107246	-5.17e-05	0.938770132	0.060229868	2.58e-05	0.99897418	0.995317648	1.247654075	0.7968665	0.994213736	1.008037359	0.9989742	0.994840735963197	0.994416612945888
18	0.3	pos	1.018725786	1.018878439	0.5	0.000107246	0.000433967	0.938770132	0.060229868	2.58e-05	0.999459805	1.008404196	1.263664078	0.8060302	1.01855141	1.007888664	0.9989742	1.01880015793854	1.01665390207034
18	0.6	neg	0.997742083	0.986407062	0.5	0.0045036	-0.002169272	0.938770132	0.060229868	0.001085005	0.997915733	1.001904234	1.248980601	0.7873521	0.983387499	0.976303983	0.997914995	0.98396109142926	0.982337663686664
18	0.6	pos	1.102824521	1.091074317	0.5	0.0045036	0.01822369	0.938770132	0.060229868	0.001085005	1.018308695	1.015404039	1.272645923	0.8549943	1.08810501	0.976551511	0.997914995	1.08840870871415	0.978014982372667
18	0.9	neg	0.924119397	0.166474911	0.5	0.09930358	-0.047832071	0.938770132	0.060229868	0.023924166	0.975092095	0.968812361	1.210268373	0.1195828	0.144727281	0.170613655	0.975075834	0.144819005083734	0.166115678986202
18	0.9	pos	33.29785283	5.922112916	0.5	0.09930358	0.401829158	0.938770132	0.060229868	0.023924166	1.424753323	1.441580774	1.807110893	3.04129	5.495948288	0.172220111	0.975075834	5.49753173022756	0.168326998936307
19	0	neg	0.982410855	0.982667676	0.5	4.77e-07	-2.3e-07	0.938770132	0.060229868	1.15e-07	0.998999885	0.992500993	1.239883382	0.7918717	0.981828562	0.991675833	0.998999885	0.982469647868365	0.982049382190128
19	0	pos	0.992664299	0.992823773	0.5	4.77e-07	1.93e-06	0.938770132	0.060229868	1.15e-07	0.999002044	1.001176614	1.243303392	0.7980239	0.992185822	0.991418598	0.998999885	0.992575961272787	0.990911320453814
19	0.3	neg	0.995930861	0.996188329	0.5	6.97e-05	-3.36e-05	0.938770132	0.060229868	1.68e-05	0.998983217	0.997310458	1.250611404	0.7963723	0.99595228	0.993178643	0.9989832	0.996485963927287	0.995953078057724
19	0.3	pos	1.01084432	1.011080851	0.5	6.97e-05	0.000282079	0.938770132	0.060229868	1.68e-05	0.999298873	1.005269105	1.256282174	0.804093	1.010167702	0.9932404	0.9989832	1.01089018289591	1.00880948081791
19	0.6	neg	0.985012819	0.978023668	0.5	0.00360288	-0.001735418	0.938770132	0.060229868	0.000868004	0.998132586	0.992683661	1.240334956	0.7867367	0.97581703	0.992602036	0.998131996	0.976438428500487	0.975977044726825
19	0.6	pos	1.0909095	1.083448601	0.5	0.00360288	0.014578952	0.938770132	0.060229868	0.000868004	1.014446956	1.022155397	1.280371667	0.8442905	1.081005635	0.993012107	0.998131996	1.08158046952764	1.00225660501122
19	0.9	neg	0.942009654	0.182596928	0.5	0.094338401	-0.045440467	0.938770132	0.060229868	0.022727958	0.97628749	0.975714462	1.220914319	0.1309978	0.15993709	0.18518465	0.976272042	0.160018249083737	0.181592246406116
19	0.9	pos	30.20278179	5.762827466	0.5	0.094338401	0.3817377	0.938770132	0.060229868	0.022727958	1.403465657	1.418783026	1.773289928	3.029588	5.372337887	0.184564683	0.976272042	5.37356750888484	0.180791090365652
20	0	neg	0.988313627	0.988542957	0.5	2.38e-07	-1.15e-07	0.938770132	0.060229868	5.74e-08	0.998999943	0.994038662	1.242589338	0.794808	0.987619947	0.987807231	0.9989999426	0.988359548393198	0.98786874450048
20	0	pos	0.99993829	1.000140313	0.5	2.38e-07	9.65e-07	0.938770132	0.060229868	5.74e-08	0.999001022	1.001213725	1.249317593	0.8000539	0.999521413	0.987817432	0.9989999426	0.999958299694284	0.998838799850427
20	0.3	neg	1.001681132	1.00179472	0.5	4.53e-05	-2.18e-05	0.938770132	0.060229868	1.09e-05	0.998989091	0.998999818	1.251623707	0.7997111	1.000937372	1.005205644	0.9989891	1.0016510113591	1.00113855984
20	0.3	pos	1.001713499	1.001884379	0.5	4.53e-05	0.000183351	0.938770132	0.060229868	1.09e-05	0.999194268	1.001516763	1.24683003	0.8031565	1.001399643	1.005311932	0.9989891	1.0016472168688	1.0000186600568
20	0.6	neg	1.000465165	0.995981736	0.5	0.002882304	-0.001388334	0.938770132	0.060229868	0.000694403	0.998306069	0.99755092	1.250858255	0.7947316	0.994096582	0.997649483	0.998305597	0.994711271380448	0.992887058610677
20	0.6	pos	1.05537113	1.050850116	0.5	0.002882304	0.011663162	0.938770132	0.060229868	0.000694403	1.011357565	1.011671677	1.267962325	0.82745	1.049175425	0.998095938	0.998305597	1.04941757742527	0.992864866253479
20	0.9	neg	0.938935768	0.195614859	0.5	0.089621481	-0.043168444	0.938770132	0.060229868	0.02159156	0.977423116	0.977859806	1.22233346	0.1411915	0.172583095	0.196333963	0.97740844	0.172697309080583	0.196154305867949
20	0.9	pos	27.07393114	5.587852665	0.5	0.089621481	0.362650815	0.938770132	0.060229868	0.02159156	1.383242374	1.385607862	1.737666493	3.012027	5.233898395	0.197192501	0.97740844	5.23456490048141	0.194227671525174
